7.28831 0.0917536
7.28886 0.0921251
7.2894 0.0924985
7.28994 0.0928737
7.29048 0.0932508
7.29102 0.0936298
7.29156 0.0940107
7.2921 0.0943936
7.29265 0.0947784
7.29319 0.0951651
7.29373 0.0955538
7.29427 0.0959445
7.29481 0.096337
7.29535 0.0967316
7.29589 0.0971283
7.29643 0.0975269
7.29698 0.0979275
7.29752 0.0983303
7.29806 0.098735
7.2986 0.0991418
7.29914 0.0995507
7.29968 0.0999617
7.30022 0.100375
7.30077 0.10079
7.30131 0.101207
7.30185 0.101627
7.30239 0.102048
7.30293 0.102472
7.30347 0.102898
7.30401 0.103326
7.30456 0.103756
7.3051 0.104189
7.30564 0.104624
7.30618 0.105061
7.30672 0.1055
7.30726 0.105942
7.3078 0.106386
7.30834 0.106832
7.30889 0.10728
7.30943 0.107731
7.30997 0.108184
7.31051 0.10864
7.31105 0.109098
7.31159 0.109558
7.31213 0.110021
7.31268 0.110486
7.31322 0.110953
7.31376 0.111423
7.3143 0.111896
7.31484 0.112371
7.31538 0.112848
7.31592 0.113328
7.31646 0.11381
7.31701 0.114295
7.31755 0.114783
7.31809 0.115273
7.31863 0.115766
7.31917 0.116261
7.31971 0.116759
7.32025 0.11726
7.3208 0.117763
7.32134 0.118269
7.32188 0.118777
7.32242 0.119289
7.32296 0.119803
7.3235 0.120319
7.32404 0.120839
7.32458 0.121361
7.32513 0.121886
7.32567 0.122414
7.32621 0.122945
7.32675 0.123478
7.32729 0.124015
7.32783 0.124554
7.32837 0.125096
7.32892 0.125642
7.32946 0.12619
7.33 0.126741
7.33054 0.127295
7.33108 0.127852
7.33162 0.128412
7.33216 0.128975
7.33271 0.129541
7.33325 0.13011
7.33379 0.130682
7.33433 0.131257
7.33487 0.131836
7.33541 0.132418
7.33595 0.133002
7.33649 0.133591
7.33704 0.134182
7.33758 0.134776
7.33812 0.135374
7.33866 0.135975
7.3392 0.136579
7.33974 0.137187
7.34028 0.137798
7.34083 0.138412
7.34137 0.13903
7.34191 0.139651
7.34245 0.140275
7.34299 0.140903
7.34353 0.141535
7.34407 0.14217
7.34461 0.142808
7.34516 0.14345
7.3457 0.144096
7.34624 0.144745
7.34678 0.145398
7.34732 0.146054
7.34786 0.146714
7.3484 0.147378
7.34895 0.148045
7.34949 0.148716
7.35003 0.149391
7.35057 0.15007
7.35111 0.150753
7.35165 0.151439
7.35219 0.152129
7.35273 0.152823
7.35328 0.153521
7.35382 0.154223
7.35436 0.154929
7.3549 0.155639
7.35544 0.156353
7.35598 0.157071
7.35652 0.157793
7.35707 0.158519
7.35761 0.15925
7.35815 0.159984
7.35869 0.160723
7.35923 0.161465
7.35977 0.162212
7.36031 0.162964
7.36086 0.163719
7.3614 0.164479
7.36194 0.165243
7.36248 0.166012
7.36302 0.166785
7.36356 0.167563
7.3641 0.168345
7.36464 0.169131
7.36519 0.169922
7.36573 0.170718
7.36627 0.171518
7.36681 0.172323
7.36735 0.173132
7.36789 0.173946
7.36843 0.174765
7.36898 0.175589
7.36952 0.176417
7.37006 0.17725
7.3706 0.178088
7.37114 0.178931
7.37168 0.179779
7.37222 0.180632
7.37276 0.18149
7.37331 0.182353
7.37385 0.183221
7.37439 0.184093
7.37493 0.184972
7.37547 0.185855
7.37601 0.186743
7.37655 0.187637
7.3771 0.188536
7.37764 0.18944
7.37818 0.19035
7.37872 0.191265
7.37926 0.192185
7.3798 0.193111
7.38034 0.194043
7.38088 0.19498
7.38143 0.195922
7.38197 0.19687
7.38251 0.197824
7.38305 0.198783
7.38359 0.199749
7.38413 0.20072
7.38467 0.201696
7.38522 0.202679
7.38576 0.203668
7.3863 0.204662
7.38684 0.205662
7.38738 0.206669
7.38792 0.207681
7.38846 0.2087
7.38901 0.209725
7.38955 0.210756
7.39009 0.211793
7.39063 0.212837
7.39117 0.213886
7.39171 0.214943
7.39225 0.216005
7.39279 0.217074
7.39334 0.21815
7.39388 0.219232
7.39442 0.220321
7.39496 0.221416
7.3955 0.222518
7.39604 0.223627
7.39658 0.224743
7.39713 0.225865
7.39767 0.226995
7.39821 0.228131
7.39875 0.229275
7.39929 0.230425
7.39983 0.231582
7.40037 0.232747
7.40091 0.233919
7.40146 0.235098
7.402 0.236284
7.40254 0.237478
7.40308 0.238679
7.40362 0.239888
7.40416 0.241104
7.4047 0.242328
7.40525 0.24356
7.40579 0.244799
7.40633 0.246045
7.40687 0.2473
7.40741 0.248563
7.40795 0.249833
7.40849 0.251111
7.40903 0.252398
7.40958 0.253692
7.41012 0.254995
7.41066 0.256306
7.4112 0.257625
7.41174 0.258953
7.41228 0.260289
7.41282 0.261633
7.41337 0.262986
7.41391 0.264348
7.41445 0.265718
7.41499 0.267097
7.41553 0.268485
7.41607 0.269881
7.41661 0.271287
7.41716 0.272701
7.4177 0.274125
7.41824 0.275557
7.41878 0.276999
7.41932 0.27845
7.41986 0.279911
7.4204 0.28138
7.42094 0.28286
7.42149 0.284348
7.42203 0.285847
7.42257 0.287355
7.42311 0.288873
7.42365 0.290401
7.42419 0.291938
7.42473 0.293486
7.42528 0.295044
7.42582 0.296611
7.42636 0.298189
7.4269 0.299778
7.42744 0.301376
7.42798 0.302986
7.42852 0.304605
7.42906 0.306236
7.42961 0.307877
7.43015 0.309528
7.43069 0.311191
7.43123 0.312865
7.43177 0.314549
7.43231 0.316245
7.43285 0.317952
7.4334 0.31967
7.43394 0.3214
7.43448 0.323141
7.43502 0.324894
7.43556 0.326658
7.4361 0.328434
7.43664 0.330222
7.43718 0.332022
7.43773 0.333833
7.43827 0.335657
7.43881 0.337493
7.43935 0.339342
7.43989 0.341202
7.44043 0.343076
7.44097 0.344961
7.44152 0.34686
7.44206 0.348771
7.4426 0.350695
7.44314 0.352633
7.44368 0.354583
7.44422 0.356546
7.44476 0.358523
7.44531 0.360513
7.44585 0.362517
7.44639 0.364534
7.44693 0.366565
7.44747 0.36861
7.44801 0.370669
7.44855 0.372742
7.44909 0.374829
7.44964 0.37693
7.45018 0.379046
7.45072 0.381176
7.45126 0.383321
7.4518 0.385481
7.45234 0.387655
7.45288 0.389845
7.45343 0.39205
7.45397 0.394269
7.45451 0.396505
7.45505 0.398755
7.45559 0.401022
7.45613 0.403304
7.45667 0.405602
7.45721 0.407915
7.45776 0.410245
7.4583 0.412592
7.45884 0.414954
7.45938 0.417333
7.45992 0.419729
7.46046 0.422142
7.461 0.424571
7.46155 0.427017
7.46209 0.429481
7.46263 0.431962
7.46317 0.434461
7.46371 0.436977
7.46425 0.439511
7.46479 0.442063
7.46533 0.444633
7.46588 0.447221
7.46642 0.449827
7.46696 0.452452
7.4675 0.455096
7.46804 0.457758
7.46858 0.46044
7.46912 0.463141
7.46967 0.465861
7.47021 0.4686
7.47075 0.471359
7.47129 0.474138
7.47183 0.476937
7.47237 0.479755
7.47291 0.482595
7.47346 0.485454
7.474 0.488334
7.47454 0.491235
7.47508 0.494157
7.47562 0.497101
7.47616 0.500065
7.4767 0.503051
7.47724 0.506059
7.47779 0.509089
7.47833 0.51214
7.47887 0.515214
7.47941 0.51831
7.47995 0.521429
7.48049 0.524571
7.48103 0.527736
7.48158 0.530924
7.48212 0.534135
7.48266 0.53737
7.4832 0.540629
7.48374 0.543912
7.48428 0.547219
7.48482 0.55055
7.48536 0.553907
7.48591 0.557287
7.48645 0.560693
7.48699 0.564125
7.48753 0.567582
7.48807 0.571064
7.48861 0.574572
7.48915 0.578107
7.4897 0.581668
7.49024 0.585256
7.49078 0.58887
7.49132 0.592511
7.49186 0.59618
7.4924 0.599877
7.49294 0.603601
7.49348 0.607353
7.49403 0.611133
7.49457 0.614942
7.49511 0.61878
7.49565 0.622647
7.49619 0.626543
7.49673 0.630468
7.49727 0.634424
7.49782 0.638409
7.49836 0.642425
7.4989 0.646471
7.49944 0.650548
7.49998 0.654657
7.50052 0.658796
7.50106 0.662968
7.5016 0.667171
7.50215 0.671407
7.50269 0.675675
7.50323 0.679976
7.50377 0.68431
7.50431 0.688677
7.50485 0.693078
7.50539 0.697513
7.50594 0.701983
7.50648 0.706486
7.50702 0.711025
7.50756 0.7156
7.5081 0.720209
7.50864 0.724855
7.50918 0.729537
7.50973 0.734255
7.51027 0.73901
7.51081 0.743802
7.51135 0.748632
7.51189 0.7535
7.51243 0.758405
7.51297 0.76335
7.51351 0.768333
7.51406 0.773355
7.5146 0.778417
7.51514 0.783519
7.51568 0.788661
7.51622 0.793844
7.51676 0.799068
7.5173 0.804333
7.51785 0.809641
7.51839 0.81499
7.51893 0.820382
7.51947 0.825816
7.52001 0.831295
7.52055 0.836816
7.52109 0.842382
7.52163 0.847993
7.52218 0.853649
7.52272 0.859349
7.52326 0.865096
7.5238 0.870889
7.52434 0.876728
7.52488 0.882614
7.52542 0.888548
7.52597 0.89453
7.52651 0.90056
7.52705 0.906639
7.52759 0.912768
7.52813 0.918946
7.52867 0.925174
7.52921 0.931453
7.52975 0.937783
7.5303 0.944165
7.53084 0.950599
7.53138 0.957085
7.53192 0.963624
7.53246 0.970217
7.533 0.976864
7.53354 0.983566
7.53409 0.990322
7.53463 0.997134
7.53517 1.004
7.53571 1.01093
7.53625 1.01791
7.53679 1.02495
7.53733 1.03205
7.53788 1.0392
7.53842 1.04642
7.53896 1.0537
7.5395 1.06103
7.54004 1.06843
7.54058 1.07589
7.54112 1.08341
7.54166 1.09099
7.54221 1.09864
7.54275 1.10635
7.54329 1.11413
7.54383 1.12197
7.54437 1.12988
7.54491 1.13785
7.54545 1.14589
7.546 1.154
7.54654 1.16218
7.54708 1.17042
7.54762 1.17874
7.54816 1.18713
7.5487 1.19558
7.54924 1.20411
7.54978 1.21271
7.55033 1.22139
7.55087 1.23014
7.55141 1.23896
7.55195 1.24786
7.55249 1.25683
7.55303 1.26588
7.55357 1.27501
7.55412 1.28422
7.55466 1.29351
7.5552 1.30288
7.55574 1.31232
7.55628 1.32185
7.55682 1.33146
7.55736 1.34116
7.55791 1.35094
7.55845 1.3608
7.55899 1.37075
7.55953 1.38078
7.56007 1.3909
7.56061 1.40111
7.56116 1.4114
7.5617 1.42179
7.56224 1.43227
7.56278 1.44284
7.56332 1.4535
7.56386 1.46425
7.5644 1.4751
7.56495 1.48604
7.56549 1.49708
7.56603 1.50821
7.56657 1.51944
7.56711 1.53078
7.56765 1.54221
7.56819 1.55374
7.56874 1.56537
7.56928 1.57711
7.56982 1.58895
7.57036 1.60089
7.5709 1.61294
7.57144 1.6251
7.57198 1.63736
7.57253 1.64973
7.57307 1.66222
7.57361 1.67481
7.57415 1.68752
7.57469 1.70034
7.57523 1.71327
7.57578 1.72632
7.57632 1.73948
7.57686 1.75277
7.5774 1.76617
7.57794 1.77969
7.57848 1.79334
7.57902 1.8071
7.57957 1.82099
7.58011 1.83501
7.58065 1.84915
7.58119 1.86341
7.58173 1.87781
7.58227 1.89234
7.58281 1.907
7.58336 1.92179
7.5839 1.93671
7.58444 1.95177
7.58498 1.96697
7.58552 1.9823
7.58606 1.99777
7.5866 2.01339
7.58715 2.02914
7.58769 2.04504
7.58823 2.06109
7.58877 2.07728
7.58931 2.09362
7.58985 2.1101
7.5904 2.12674
7.59094 2.14353
7.59148 2.16048
7.59202 2.17758
7.59256 2.19484
7.5931 2.21225
7.59364 2.22983
7.59419 2.24756
7.59473 2.26546
7.59527 2.28353
7.59581 2.30176
7.59635 2.32016
7.59689 2.33873
7.59743 2.35747
7.59798 2.37638
7.59852 2.39547
7.59906 2.41474
7.5996 2.43418
7.60014 2.4538
7.60068 2.47361
7.60122 2.4936
7.60177 2.51378
7.60231 2.53414
7.60285 2.55469
7.60339 2.57544
7.60393 2.59637
7.60447 2.61751
7.60502 2.63884
7.60556 2.66036
7.6061 2.68209
7.60664 2.70403
7.60718 2.72616
7.60772 2.74851
7.60826 2.77106
7.60881 2.79383
7.60935 2.81681
7.60989 2.84
7.61043 2.86341
7.61097 2.88704
7.61151 2.91089
7.61205 2.93497
7.6126 2.95927
7.61314 2.98381
7.61368 3.00857
7.61422 3.03356
7.61476 3.05879
7.6153 3.08426
7.61584 3.10997
7.61639 3.13592
7.61693 3.16212
7.61747 3.18856
7.61801 3.21525
7.61855 3.2422
7.61909 3.2694
7.61963 3.29685
7.62018 3.32457
7.62072 3.35254
7.62126 3.38079
7.6218 3.4093
7.62234 3.43808
7.62288 3.46713
7.62343 3.49645
7.62397 3.52606
7.62451 3.55594
7.62505 3.58611
7.62559 3.61657
7.62613 3.64731
7.62667 3.67834
7.62722 3.70967
7.62776 3.7413
7.6283 3.77322
7.62884 3.80545
7.62938 3.83798
7.62992 3.87083
7.63046 3.90398
7.63101 3.93745
7.63155 3.97124
7.63209 4.00534
7.63263 4.03977
7.63317 4.07453
7.63371 4.10962
7.63425 4.14504
7.6348 4.18079
7.63534 4.21689
7.63588 4.25332
7.63642 4.29011
7.63696 4.32724
7.6375 4.36472
7.63805 4.40256
7.63859 4.44076
7.63913 4.47932
7.63967 4.51824
7.64021 4.55753
7.64075 4.5972
7.64129 4.63724
7.64184 4.67766
7.64238 4.71846
7.64292 4.75965
7.64346 4.80122
7.644 4.84319
7.64454 4.88556
7.64508 4.92832
7.64563 4.97149
7.64617 5.01506
7.64671 5.05905
7.64725 5.10345
7.64779 5.14826
7.64833 5.1935
7.64887 5.23917
7.64942 5.28526
7.64996 5.33178
7.6505 5.37875
7.65104 5.42615
7.65158 5.47399
7.65212 5.52228
7.65267 5.57103
7.65321 5.62023
7.65375 5.66989
7.65429 5.72001
7.65483 5.7706
7.65537 5.82166
7.65591 5.87319
7.65646 5.9252
7.657 5.9777
7.65754 6.03068
7.65808 6.08415
7.65862 6.13811
7.65916 6.19258
7.6597 6.24754
7.66025 6.30301
7.66079 6.35899
7.66133 6.41549
7.66187 6.4725
7.66241 6.53004
7.66295 6.5881
7.66349 6.64669
7.66404 6.70582
7.66458 6.76548
7.66512 6.82569
7.66566 6.88644
7.6662 6.94774
7.66674 7.00959
7.66729 7.07201
7.66783 7.13498
7.66837 7.19852
7.66891 7.26263
7.66945 7.32732
7.66999 7.39258
7.67053 7.45843
7.67108 7.52486
7.67162 7.59188
7.67216 7.65949
7.6727 7.7277
7.67324 7.79652
7.67378 7.86594
7.67432 7.93596
7.67487 8.0066
7.67541 8.07785
7.67595 8.14974
7.67649 8.22224
7.67703 8.29536
7.67757 8.36912
7.67811 8.44352
7.67866 8.51855
7.6792 8.59423
7.67974 8.67054
7.68028 8.74752
7.68082 8.82514
7.68136 8.90342
7.68191 8.98236
7.68245 9.06197
7.68299 9.14223
7.68353 9.22317
7.68407 9.30478
7.68461 9.38706
7.68515 9.47003
7.6857 9.55368
7.68624 9.63801
7.68678 9.72303
7.68732 9.80873
7.68786 9.89514
7.6884 9.98224
7.68894 10.07
7.68949 10.1585
7.69003 10.2477
7.69057 10.3376
7.69111 10.4283
7.69165 10.5196
7.69219 10.6116
7.69273 10.7044
7.69328 10.7978
7.69382 10.892
7.69436 10.9869
7.6949 11.0826
7.69544 11.1789
7.69598 11.276
7.69653 11.3738
7.69707 11.4723
7.69761 11.5716
7.69815 11.6716
7.69869 11.7723
7.69923 11.8737
7.69977 11.9759
7.70032 12.0788
7.70086 12.1825
7.7014 12.2869
7.70194 12.392
7.70248 12.4978
7.70302 12.6044
7.70356 12.7117
7.70411 12.8198
7.70465 12.9285
7.70519 13.038
7.70573 13.1483
7.70627 13.2592
7.70681 13.3709
7.70735 13.4833
7.7079 13.5965
7.70844 13.7104
7.70898 13.8249
7.70952 13.9403
7.71006 14.0563
7.7106 14.173
7.71115 14.2905
7.71169 14.4086
7.71223 14.5275
7.71277 14.6471
7.71331 14.7674
7.71385 14.8883
7.71439 15.01
7.71494 15.1324
7.71548 15.2554
7.71602 15.3791
7.71656 15.5036
7.7171 15.6286
7.71764 15.7544
7.71818 15.8808
7.71873 16.0079
7.71927 16.1356
7.71981 16.264
7.72035 16.393
7.72089 16.5226
7.72143 16.6529
7.72197 16.7838
7.72252 16.9154
7.72306 17.0475
7.7236 17.1802
7.72414 17.3136
7.72468 17.4475
7.72522 17.582
7.72576 17.7171
7.72631 17.8528
7.72685 17.989
7.72739 18.1258
7.72793 18.2631
7.72847 18.401
7.72901 18.5393
7.72956 18.6782
7.7301 18.8177
7.73064 18.9576
7.73118 19.098
7.73172 19.2389
7.73226 19.3803
7.7328 19.5221
7.73335 19.6644
7.73389 19.8071
7.73443 19.9503
7.73497 20.0939
7.73551 20.2379
7.73605 20.3823
7.73659 20.5271
7.73714 20.6723
7.73768 20.8178
7.73822 20.9638
7.73876 21.11
7.7393 21.2567
7.73984 21.4036
7.74038 21.5509
7.74093 21.6985
7.74147 21.8464
7.74201 21.9946
7.74255 22.143
7.74309 22.2918
7.74363 22.4407
7.74418 22.59
7.74472 22.7395
7.74526 22.8892
7.7458 23.0391
7.74634 23.1892
7.74688 23.3395
7.74742 23.49
7.74797 23.6407
7.74851 23.7916
7.74905 23.9426
7.74959 24.0938
7.75013 24.2451
7.75067 24.3965
7.75121 24.5481
7.75176 24.6998
7.7523 24.8516
7.75284 25.0035
7.75338 25.1555
7.75392 25.3076
7.75446 25.4597
7.755 25.612
7.75555 25.7643
7.75609 25.9167
7.75663 26.0691
7.75717 26.2216
7.75771 26.3741
7.75825 26.5267
7.7588 26.6794
7.75934 26.8321
7.75988 26.9848
7.76042 27.1375
7.76096 27.2904
7.7615 27.4432
7.76204 27.5961
7.76259 27.7491
7.76313 27.9021
7.76367 28.0551
7.76421 28.2082
7.76475 28.3613
7.76529 28.5146
7.76583 28.6678
7.76638 28.8212
7.76692 28.9747
7.76746 29.1282
7.768 29.2818
7.76854 29.4356
7.76908 29.5895
7.76962 29.7435
7.77017 29.8977
7.77071 30.052
7.77125 30.2066
7.77179 30.3613
7.77233 30.5162
7.77287 30.6714
7.77342 30.8268
7.77396 30.9825
7.7745 31.1385
7.77504 31.2948
7.77558 31.4515
7.77612 31.6085
7.77666 31.766
7.77721 31.9238
7.77775 32.0822
7.77829 32.241
7.77883 32.4003
7.77937 32.5601
7.77991 32.7206
7.78045 32.8817
7.781 33.0434
7.78154 33.2058
7.78208 33.369
7.78262 33.5329
7.78316 33.6977
7.7837 33.8633
7.78424 34.0299
7.78479 34.1973
7.78533 34.3658
7.78587 34.5354
7.78641 34.706
7.78695 34.8778
7.78749 35.0508
7.78804 35.225
7.78858 35.4006
7.78912 35.5776
7.78966 35.7559
7.7902 35.9358
7.79074 36.1172
7.79128 36.3002
7.79183 36.4849
7.79237 36.6714
7.79291 36.8596
7.79345 37.0497
7.79399 37.2418
7.79453 37.4359
7.79507 37.632
7.79562 37.8303
7.79616 38.0309
7.7967 38.2337
7.79724 38.4389
7.79778 38.6465
7.79832 38.8567
7.79886 39.0695
7.79941 39.2849
7.79995 39.5031
7.80049 39.7241
7.80103 39.948
7.80157 40.1749
7.80211 40.4049
7.80265 40.638
7.8032 40.8744
7.80374 41.114
7.80428 41.3571
7.80482 41.6036
7.80536 41.8537
7.8059 42.1073
7.80645 42.3647
7.80699 42.6259
7.80753 42.891
7.80807 43.16
7.80861 43.433
7.80915 43.7101
7.80969 43.9913
7.81024 44.2769
7.81078 44.5667
7.81132 44.8609
7.81186 45.1596
7.8124 45.4628
7.81294 45.7706
7.81348 46.083
7.81403 46.4002
7.81457 46.7221
7.81511 47.0489
7.81565 47.3805
7.81619 47.7171
7.81673 48.0587
7.81727 48.4053
7.81782 48.757
7.81836 49.1137
7.8189 49.4756
7.81944 49.8427
7.81998 50.215
7.82052 50.5925
7.82107 50.9753
7.82161 51.3633
7.82215 51.7565
7.82269 52.1551
7.82323 52.5588
7.82377 52.9679
7.82431 53.3821
7.82486 53.8016
7.8254 54.2263
7.82594 54.6561
7.82648 55.091
7.82702 55.5311
7.82756 55.9761
7.8281 56.4262
7.82865 56.8811
7.82919 57.3409
7.82973 57.8055
7.83027 58.2747
7.83081 58.7486
7.83135 59.2269
7.83189 59.7096
7.83244 60.1966
7.83298 60.6877
7.83352 61.1829
7.83406 61.682
7.8346 62.1849
7.83514 62.6913
7.83569 63.2013
7.83623 63.7145
7.83677 64.2309
7.83731 64.7503
7.83785 65.2725
7.83839 65.7973
7.83893 66.3245
7.83948 66.854
7.84002 67.3855
7.84056 67.9188
7.8411 68.4539
7.84164 68.9903
7.84218 69.528
7.84272 70.0667
7.84327 70.6062
7.84381 71.1464
7.84435 71.6869
7.84489 72.2276
7.84543 72.7683
7.84597 73.3087
7.84651 73.8487
7.84706 74.3881
7.8476 74.9266
7.84814 75.4641
7.84868 76.0004
7.84922 76.5353
7.84976 77.0687
7.85031 77.6003
7.85085 78.1301
7.85139 78.6578
7.85193 79.1834
7.85247 79.7069
7.85301 80.2279
7.85355 80.7465
7.8541 81.2625
7.85464 81.7761
7.85518 82.287
7.85572 82.7954
7.85626 83.3011
7.8568 83.8042
7.85734 84.3048
7.85789 84.8029
7.85843 85.2986
7.85897 85.792
7.85951 86.2833
7.86005 86.7726
7.86059 87.26
7.86113 87.7458
7.86168 88.2302
7.86222 88.7135
7.86276 89.196
7.8633 89.6779
7.86384 90.1597
7.86438 90.6416
7.86493 91.1239
7.86547 91.6073
7.86601 92.092
7.86655 92.5786
7.86709 93.0675
7.86763 93.5593
7.86817 94.0543
7.86872 94.5533
7.86926 95.0568
7.8698 95.5652
7.87034 96.0794
7.87088 96.5998
7.87142 97.1271
7.87196 97.6619
7.87251 98.205
7.87305 98.7568
7.87359 99.3182
7.87413 99.8898
7.87467 100.472
7.87521 101.066
7.87575 101.672
7.8763 102.291
7.87684 102.924
7.87738 103.57
7.87792 104.231
7.87846 104.908
7.879 105.6
7.87955 106.309
7.88009 107.034
7.88063 107.777
7.88117 108.538
7.88171 109.317
7.88225 110.115
7.88279 110.931
7.88334 111.766
7.88388 112.621
7.88442 113.494
7.88496 114.387
7.8855 115.3
7.88604 116.232
7.88658 117.183
7.88713 118.153
7.88767 119.141
7.88821 120.147
7.88875 121.171
7.88929 122.213
7.88983 123.27
7.89037 124.344
7.89092 125.432
7.89146 126.535
7.892 127.65
7.89254 128.778
7.89308 129.916
7.89362 131.064
7.89417 132.221
7.89471 133.385
7.89525 134.555
7.89579 135.73
7.89633 136.908
7.89687 138.087
7.89741 139.267
7.89796 140.446
7.8985 141.623
7.89904 142.796
7.89958 143.964
7.90012 145.125
7.90066 146.279
7.9012 147.424
7.90175 148.56
7.90229 149.685
7.90283 150.8
7.90337 151.902
7.90391 152.992
7.90445 154.07
7.90499 155.136
7.90554 156.189
7.90608 157.23
7.90662 158.26
7.90716 159.279
7.9077 160.289
7.90824 161.29
7.90878 162.285
7.90933 163.275
7.90987 164.261
7.91041 165.246
7.91095 166.233
7.91149 167.224
7.91203 168.221
7.91258 169.228
7.91312 170.248
7.91366 171.284
7.9142 172.34
7.91474 173.418
7.91528 174.522
7.91582 175.655
7.91637 176.822
7.91691 178.025
7.91745 179.267
7.91799 180.552
7.91853 181.882
7.91907 183.261
7.91961 184.69
7.92016 186.171
7.9207 187.707
7.92124 189.298
7.92178 190.946
7.92232 192.65
7.92286 194.411
7.9234 196.228
7.92395 198.1
7.92449 200.024
7.92503 201.999
7.92557 204.021
7.92611 206.088
7.92665 208.194
7.9272 210.335
7.92774 212.507
7.92828 214.704
7.92882 216.919
7.92936 219.148
7.9299 221.384
7.93044 223.62
7.93099 225.852
7.93153 228.071
7.93207 230.274
7.93261 232.456
7.93315 234.611
7.93369 236.736
7.93423 238.828
7.93478 240.886
7.93532 242.908
7.93586 244.896
7.9364 246.852
7.93694 248.778
7.93748 250.679
7.93802 252.561
7.93857 254.431
7.93911 256.299
7.93965 258.172
7.94019 260.063
7.94073 261.982
7.94127 263.941
7.94182 265.953
7.94236 268.029
7.9429 270.183
7.94344 272.426
7.94398 274.768
7.94452 277.219
7.94506 279.787
7.94561 282.477
7.94615 285.295
7.94669 288.241
7.94723 291.314
7.94777 294.51
7.94831 297.824
7.94885 301.246
7.9494 304.764
7.94994 308.364
7.95048 312.03
7.95102 315.746
7.95156 319.493
7.9521 323.253
7.95264 327.008
7.95319 330.745
7.95373 334.448
7.95427 338.11
7.95481 341.724
7.95535 345.29
7.95589 348.814
7.95644 352.306
7.95698 355.784
7.95752 359.271
7.95806 362.796
7.9586 366.392
7.95914 370.097
7.95968 373.95
7.96023 377.991
7.96077 382.26
7.96131 386.794
7.96185 391.624
7.96239 396.776
7.96293 402.267
7.96347 408.103
7.96402 414.281
7.96456 420.784
7.9651 427.585
7.96564 434.648
7.96618 441.926
7.96672 449.368
7.96726 456.919
7.96781 464.529
7.96835 472.151
7.96889 479.751
7.96943 487.31
7.96997 494.831
7.97051 502.337
7.97106 509.875
7.9716 517.514
7.97214 525.345
7.97268 533.47
7.97322 542.004
7.97376 551.056
7.9743 560.727
7.97485 571.097
7.97539 582.213
7.97593 594.084
7.97647 606.674
7.97701 619.899
7.97755 633.631
7.97809 647.708
7.97864 661.944
7.97918 676.151
7.97972 690.162
7.98026 703.85
7.9808 717.154
7.98134 730.092
7.98188 742.769
7.98243 755.369
7.98297 768.141
7.98351 781.365
7.98405 795.31
7.98459 810.194
7.98513 826.127
7.98567 843.078
7.98622 860.849
7.98676 879.073
7.9873 897.237
7.98784 914.746
7.98838 930.989
7.98892 945.444
7.98947 957.76
7.99001 967.815
7.99055 975.739
7.99109 981.877
7.99163 986.693
7.99217 990.651
7.99271 994.066
7.99326 996.994
7.9938 999.165
7.99434 1000
7.99488 998.719
7.99542 994.512
7.99596 986.751
7.9965 975.167
7.99705 959.947
7.99759 941.715
7.99813 921.38
7.99867 899.914
7.99921 878.102
7.99975 856.339
8.00029 834.545
8.00084 812.205
8.00138 788.551
8.00192 762.812
8.00246 734.481
8.003 703.495
8.00354 670.273
8.00408 635.619
8.00463 600.513
8.00517 565.875
8.00571 532.367
8.00625 500.292
8.00679 469.597
8.00733 439.966
8.00788 410.979
8.00842 382.261
8.00896 353.612
8.0095 325.054
8.01004 296.818
8.01058 269.275
8.01112 242.843
8.01167 217.909
8.01221 194.772
8.01275 173.618
8.01329 154.519
8.01383 137.454
8.01437 122.329
8.01491 109.003
8.01546 97.3134
8.016 87.0855
8.01654 78.149
8.01708 70.343
8.01762 63.5206
8.01816 57.5503
8.0187 52.3164
8.01925 47.7178
8.01979 43.6673
8.02033 40.0898
8.02087 36.9211
8.02141 34.1061
8.02195 31.5977
8.02249 29.356
8.02304 27.3464
8.02358 25.5396
8.02412 23.9104
8.02466 22.4371
8.0252 21.1012
8.02574 19.8865
8.02629 18.7791
8.02683 17.7671
8.02737 16.8398
8.02791 15.9883
8.02845 15.2045
8.02899 14.4815
8.02953 13.8131
8.03008 13.194
8.03062 12.6194
8.03116 12.0851
8.0317 11.5873
8.03224 11.1228
8.03278 10.6887
8.03332 10.2821
8.03387 9.90089
8.03441 9.54287
8.03495 9.20614
8.03549 8.889
8.03603 8.58991
8.03657 8.30748
8.03711 8.04044
8.03766 7.78765
8.0382 7.54808
8.03874 7.32077
8.03928 7.10487
8.03982 6.89959
8.04036 6.70421
8.04091 6.51808
8.04145 6.34057
8.04199 6.17115
8.04253 6.0093
8.04307 5.85455
8.04361 5.70647
8.04415 5.56465
8.0447 5.42873
8.04524 5.29836
8.04578 5.17323
8.04632 5.05303
8.04686 4.9375
8.0474 4.82639
8.04794 4.71944
8.04849 4.61645
8.04903 4.5172
8.04957 4.42151
8.05011 4.32919
8.05065 4.24008
8.05119 4.15401
8.05173 4.07085
8.05228 3.99044
8.05282 3.91266
8.05336 3.8374
8.0539 3.76452
8.05444 3.69393
8.05498 3.62552
8.05553 3.5592
8.05607 3.49487
8.05661 3.43246
8.05715 3.37187
8.05769 3.31303
8.05823 3.25587
8.05877 3.20033
8.05932 3.14633
8.05986 3.09381
8.0604 3.04272
8.06094 2.993
8.06148 2.9446
8.06202 2.89746
8.06256 2.85155
8.06311 2.80681
8.06365 2.7632
8.06419 2.72068
8.06473 2.67921
8.06527 2.63876
8.06581 2.59928
8.06635 2.56075
8.0669 2.52314
8.06744 2.4864
8.06798 2.45052
8.06852 2.41545
8.06906 2.38119
8.0696 2.34769
8.07015 2.31494
8.07069 2.28291
8.07123 2.25159
8.07177 2.22093
8.07231 2.19094
8.07285 2.16158
8.07339 2.13283
8.07394 2.10469
8.07448 2.07712
8.07502 2.05012
8.07556 2.02366
8.0761 1.99774
8.07664 1.97233
8.07718 1.94742
8.07773 1.923
8.07827 1.89905
8.07881 1.87556
8.07935 1.85252
8.07989 1.82992
8.08043 1.80774
8.08097 1.78597
8.08152 1.7646
8.08206 1.74363
8.0826 1.72303
8.08314 1.70281
8.08368 1.68294
8.08422 1.66343
8.08477 1.64426
8.08531 1.62543
8.08585 1.60693
8.08639 1.58874
8.08693 1.57086
8.08747 1.55329
8.08801 1.53601
8.08856 1.51902
8.0891 1.50232
8.08964 1.48589
8.09018 1.46972
8.09072 1.45382
8.09126 1.43818
8.0918 1.42279
8.09235 1.40765
8.09289 1.39274
8.09343 1.37807
8.09397 1.36363
8.09451 1.34941
8.09505 1.33541
8.09559 1.32163
8.09614 1.30805
8.09668 1.29468
8.09722 1.28152
8.09776 1.26855
8.0983 1.25577
8.09884 1.24318
8.09938 1.23078
8.09993 1.21855
8.10047 1.20651
8.10101 1.19464
8.10155 1.18294
8.10209 1.1714
8.10263 1.16003
8.10318 1.14882
8.10372 1.13777
8.10426 1.12687
8.1048 1.11613
8.10534 1.10553
8.10588 1.09508
8.10642 1.08477
8.10697 1.0746
8.10751 1.06456
8.10805 1.05467
8.10859 1.0449
8.10913 1.03526
8.10967 1.02576
8.11021 1.01637
8.11076 1.00711
8.1113 0.997974
8.11184 0.988953
8.11238 0.980049
8.11292 0.971259
8.11346 0.962582
8.114 0.954015
8.11455 0.945556
8.11509 0.937204
8.11563 0.928957
8.11617 0.920812
8.11671 0.912769
8.11725 0.904826
8.1178 0.89698
8.11834 0.88923
8.11888 0.881576
8.11942 0.874014
8.11996 0.866543
8.1205 0.859162
8.12104 0.85187
8.12159 0.844665
8.12213 0.837546
8.12267 0.830511
8.12321 0.823558
8.12375 0.816687
8.12429 0.809897
8.12483 0.803186
8.12538 0.796552
8.12592 0.789995
8.12646 0.783513
8.127 0.777106
8.12754 0.770771
8.12808 0.764508
8.12862 0.758317
8.12917 0.752195
8.12971 0.746141
8.13025 0.740156
8.13079 0.734236
8.13133 0.728383
8.13187 0.722594
8.13242 0.716869
8.13296 0.711207
8.1335 0.705607
8.13404 0.700067
8.13458 0.694588
8.13512 0.689167
8.13566 0.683805
8.13621 0.678501
8.13675 0.673253
8.13729 0.668061
8.13783 0.662924
8.13837 0.657842
8.13891 0.652813
8.13945 0.647836
8.14 0.642912
8.14054 0.638039
8.14108 0.633217
8.14162 0.628444
8.14216 0.623721
8.1427 0.619047
8.14324 0.61442
8.14379 0.60984
8.14433 0.605307
8.14487 0.60082
8.14541 0.596379
8.14595 0.591982
8.14649 0.587629
8.14704 0.58332
8.14758 0.579054
8.14812 0.57483
8.14866 0.570648
8.1492 0.566507
8.14974 0.562408
8.15028 0.558348
8.15083 0.554328
8.15137 0.550347
8.15191 0.546406
8.15245 0.542502
8.15299 0.538636
8.15353 0.534807
8.15407 0.531015
8.15462 0.52726
8.15516 0.52354
8.1557 0.519856
8.15624 0.516206
8.15678 0.512592
8.15732 0.509011
8.15786 0.505464
8.15841 0.50195
8.15895 0.498469
8.15949 0.495021
8.16003 0.491605
8.16057 0.48822
8.16111 0.484867
8.16166 0.481544
8.1622 0.478253
8.16274 0.474991
8.16328 0.471759
8.16382 0.468557
8.16436 0.465383
8.1649 0.462239
8.16545 0.459123
8.16599 0.456035
8.16653 0.452975
8.16707 0.449942
8.16761 0.446936
8.16815 0.443958
8.16869 0.441005
8.16924 0.438079
8.16978 0.435179
8.17032 0.432304
8.17086 0.429455
8.1714 0.426631
8.17194 0.423831
8.17248 0.421056
8.17303 0.418305
8.17357 0.415578
8.17411 0.412875
8.17465 0.410195
8.17519 0.407538
8.17573 0.404904
8.17628 0.402293
8.17682 0.399704
8.17736 0.397137
8.1779 0.394592
8.17844 0.392068
8.17898 0.389566
8.17952 0.387085
8.18007 0.384625
8.18061 0.382186
8.18115 0.379767
8.18169 0.377368
8.18223 0.37499
8.18277 0.372631
8.18331 0.370292
8.18386 0.367972
8.1844 0.365672
8.18494 0.36339
8.18548 0.361128
8.18602 0.358883
8.18656 0.356658
8.1871 0.35445
8.18765 0.352261
8.18819 0.350089
8.18873 0.347935
8.18927 0.345798
8.18981 0.343679
8.19035 0.341577
8.19089 0.339491
8.19144 0.337423
8.19198 0.335371
8.19252 0.333335
8.19306 0.331316
8.1936 0.329312
8.19414 0.327325
8.19469 0.325353
8.19523 0.323397
8.19577 0.321456
8.19631 0.319531
8.19685 0.317621
8.19739 0.315726
8.19793 0.313845
8.19848 0.311979
8.19902 0.310128
8.19956 0.308291
8.2001 0.306469
8.20064 0.30466
8.20118 0.302866
8.20172 0.301085
8.20227 0.299318
8.20281 0.297565
8.20335 0.295825
8.20389 0.294098
8.20443 0.292384
8.20497 0.290684
8.20551 0.288996
8.20606 0.287322
8.2066 0.28566
8.20714 0.28401
8.20768 0.282373
8.20822 0.280748
8.20876 0.279135
8.20931 0.277535
8.20985 0.275946
8.21039 0.274369
8.21093 0.272804
8.21147 0.271251
8.21201 0.269709
8.21255 0.268179
8.2131 0.26666
8.21364 0.265152
8.21418 0.263655
8.21472 0.262169
8.21526 0.260694
8.2158 0.25923
8.21634 0.257776
8.21689 0.256333
8.21743 0.254901
8.21797 0.253479
8.21851 0.252067
8.21905 0.250666
8.21959 0.249274
8.22013 0.247893
8.22068 0.246522
8.22122 0.24516
8.22176 0.243808
8.2223 0.242466
8.22284 0.241134
8.22338 0.23981
8.22393 0.238497
8.22447 0.237192
8.22501 0.235897
8.22555 0.234611
8.22609 0.233335
8.22663 0.232067
8.22717 0.230808
8.22772 0.229558
8.22826 0.228316
8.2288 0.227084
8.22934 0.22586
8.22988 0.224644
8.23042 0.223437
8.23096 0.222238
8.23151 0.221048
8.23205 0.219866
8.23259 0.218692
8.23313 0.217526
8.23367 0.216368
8.23421 0.215218
8.23475 0.214077
8.2353 0.212942
8.23584 0.211816
8.23638 0.210697
8.23692 0.209586
8.23746 0.208483
8.238 0.207387
8.23855 0.206298
8.23909 0.205217
8.23963 0.204143
8.24017 0.203076
8.24071 0.202017
8.24125 0.200965
8.24179 0.199919
8.24234 0.198881
8.24288 0.19785
8.24342 0.196825
8.24396 0.195808
8.2445 0.194797
8.24504 0.193793
8.24558 0.192795
8.24613 0.191805
8.24667 0.19082
8.24721 0.189842
8.24775 0.188871
8.24829 0.187906
8.24883 0.186947
8.24937 0.185995
8.24992 0.185049
8.25046 0.184109
8.251 0.183175
8.25154 0.182248
8.25208 0.181326
8.25262 0.18041
8.25317 0.179501
8.25371 0.178597
8.25425 0.177699
8.25479 0.176807
8.25533 0.17592
8.25587 0.17504
8.25641 0.174165
8.25696 0.173295
8.2575 0.172431
8.25804 0.171573
8.25858 0.17072
8.25912 0.169873
8.25966 0.169031
8.2602 0.168194
8.26075 0.167362
8.26129 0.166536
8.26183 0.165716
8.26237 0.1649
8.26291 0.164089
8.26345 0.163284
8.26399 0.162483
8.26454 0.161688
8.26508 0.160898
8.26562 0.160112
8.26616 0.159332
8.2667 0.158556
8.26724 0.157785
8.26778 0.157019
8.26833 0.156258
8.26887 0.155502
8.26941 0.15475
8.26995 0.154003
8.27049 0.15326
8.27103 0.152522
8.27158 0.151789
8.27212 0.15106
8.27266 0.150335
8.2732 0.149615
8.27374 0.1489
8.27428 0.148189
8.27482 0.147482
8.27537 0.146779
8.27591 0.146081
8.27645 0.145387
8.27699 0.144697
8.27753 0.144011
8.27807 0.14333
8.27861 0.142652
8.27916 0.141979
8.2797 0.14131
8.28024 0.140645
8.28078 0.139983
8.28132 0.139326
8.28186 0.138673
8.28241 0.138023
8.28295 0.137378
8.28349 0.136736
8.28403 0.136099
8.28457 0.135464
8.28511 0.134834
8.28565 0.134208
8.2862 0.133585
8.28674 0.132966
8.28728 0.13235
8.28782 0.131738
8.28836 0.13113
8.2889 0.130526
8.28944 0.129924
8.28999 0.129327
8.29053 0.128733
8.29107 0.128142
8.29161 0.127555
8.29215 0.126971
8.29269 0.126391
8.29323 0.125814
8.29378 0.125241
8.29432 0.12467
8.29486 0.124104
8.2954 0.12354
8.29594 0.12298
8.29648 0.122422
8.29702 0.121868
8.29757 0.121318
8.29811 0.12077
8.29865 0.120226
8.29919 0.119684
8.29973 0.119146
8.30027 0.118611
8.30082 0.118079
8.30136 0.11755
8.3019 0.117024
8.30244 0.116501
8.30298 0.115981
8.30352 0.115464
8.30406 0.11495
8.30461 0.114438
8.30515 0.11393
8.30569 0.113425
8.30623 0.112922
8.30677 0.112422
8.30731 0.111925
8.30785 0.111431
8.3084 0.11094
8.30894 0.110451
8.30948 0.109965
8.31002 0.109482
8.31056 0.109001
8.3111 0.108523
8.31164 0.108048
8.31219 0.107576
8.31273 0.107106
8.31327 0.106639
8.31381 0.106174
8.31435 0.105712
8.31489 0.105252
8.31544 0.104795
8.31598 0.104341
8.31652 0.103889
8.31706 0.103439
8.3176 0.102992
8.31814 0.102547
8.31868 0.102105
8.31923 0.101665
8.31977 0.101228
8.32031 0.100793
8.32085 0.100361
8.32139 0.0999302
8.32193 0.0995024
8.32247 0.0990768
8.32302 0.0986535
8.32356 0.0982326
8.3241 0.0978139
8.32464 0.0973974
8.32518 0.0969833
8.32572 0.0965713
8.32626 0.0961616
8.32681 0.0957541
8.32735 0.0953487
8.32789 0.0949456
12.6524 0.173415
12.6529 0.174805
12.6534 0.176209
12.654 0.177627
12.6545 0.179058
12.655 0.180504
12.6556 0.181965
12.6561 0.18344
12.6566 0.18493
12.6571 0.186435
12.6577 0.187956
12.6582 0.189491
12.6587 0.191042
12.6592 0.192609
12.6598 0.194192
12.6603 0.195791
12.6608 0.197406
12.6614 0.199037
12.6619 0.200686
12.6624 0.202351
12.6629 0.204033
12.6635 0.205733
12.664 0.20745
12.6645 0.209185
12.6651 0.210938
12.6656 0.212709
12.6661 0.214498
12.6666 0.216306
12.6672 0.218133
12.6677 0.219979
12.6682 0.221844
12.6687 0.223729
12.6693 0.225634
12.6698 0.227558
12.6703 0.229504
12.6709 0.231469
12.6714 0.233456
12.6719 0.235463
12.6724 0.237492
12.673 0.239542
12.6735 0.241615
12.674 0.243709
12.6746 0.245826
12.6751 0.247966
12.6756 0.250128
12.6761 0.252314
12.6767 0.254524
12.6772 0.256758
12.6777 0.259015
12.6782 0.261298
12.6788 0.263605
12.6793 0.265937
12.6798 0.268295
12.6804 0.270678
12.6809 0.273088
12.6814 0.275524
12.6819 0.277987
12.6825 0.280477
12.683 0.282995
12.6835 0.285541
12.6841 0.288115
12.6846 0.290717
12.6851 0.293349
12.6856 0.29601
12.6862 0.298701
12.6867 0.301422
12.6872 0.304173
12.6877 0.306956
12.6883 0.30977
12.6888 0.312616
12.6893 0.315493
12.6899 0.318404
12.6904 0.321348
12.6909 0.324325
12.6914 0.327336
12.692 0.330382
12.6925 0.333463
12.693 0.336579
12.6936 0.339731
12.6941 0.34292
12.6946 0.346145
12.6951 0.349408
12.6957 0.352708
12.6962 0.356047
12.6967 0.359425
12.6972 0.362842
12.6978 0.3663
12.6983 0.369798
12.6988 0.373337
12.6994 0.376918
12.6999 0.38054
12.7004 0.384206
12.7009 0.387916
12.7015 0.391669
12.702 0.395467
12.7025 0.399311
12.703 0.4032
12.7036 0.407136
12.7041 0.411119
12.7046 0.415151
12.7052 0.41923
12.7057 0.423359
12.7062 0.427538
12.7067 0.431768
12.7073 0.436049
12.7078 0.440383
12.7083 0.444769
12.7089 0.449209
12.7094 0.453703
12.7099 0.458253
12.7104 0.462858
12.711 0.467521
12.7115 0.472241
12.712 0.47702
12.7125 0.481858
12.7131 0.486756
12.7136 0.491715
12.7141 0.496737
12.7147 0.501821
12.7152 0.506969
12.7157 0.512182
12.7162 0.51746
12.7168 0.522806
12.7173 0.528219
12.7178 0.5337
12.7184 0.539252
12.7189 0.544874
12.7194 0.550568
12.7199 0.556335
12.7205 0.562176
12.721 0.568092
12.7215 0.574084
12.722 0.580153
12.7226 0.586302
12.7231 0.59253
12.7236 0.598839
12.7242 0.60523
12.7247 0.611704
12.7252 0.618263
12.7257 0.624909
12.7263 0.631641
12.7268 0.638463
12.7273 0.645374
12.7279 0.652376
12.7284 0.659472
12.7289 0.666662
12.7294 0.673948
12.73 0.681331
12.7305 0.688812
12.731 0.696394
12.7315 0.704078
12.7321 0.711865
12.7326 0.719758
12.7331 0.727757
12.7337 0.735864
12.7342 0.744082
12.7347 0.752412
12.7352 0.760855
12.7358 0.769414
12.7363 0.778089
12.7368 0.786885
12.7374 0.795801
12.7379 0.80484
12.7384 0.814005
12.7389 0.823296
12.7395 0.832716
12.74 0.842268
12.7405 0.851953
12.741 0.861773
12.7416 0.871731
12.7421 0.881829
12.7426 0.892069
12.7432 0.902453
12.7437 0.912984
12.7442 0.923665
12.7447 0.934497
12.7453 0.945483
12.7458 0.956626
12.7463 0.967929
12.7469 0.979393
12.7474 0.991022
12.7479 1.00282
12.7484 1.01479
12.749 1.02693
12.7495 1.03924
12.75 1.05174
12.7505 1.06441
12.7511 1.07727
12.7516 1.09032
12.7521 1.10356
12.7527 1.117
12.7532 1.13063
12.7537 1.14446
12.7542 1.1585
12.7548 1.17275
12.7553 1.18721
12.7558 1.20188
12.7564 1.21677
12.7569 1.23189
12.7574 1.24723
12.7579 1.2628
12.7585 1.27861
12.759 1.29465
12.7595 1.31094
12.76 1.32747
12.7606 1.34425
12.7611 1.36129
12.7616 1.37859
12.7622 1.39616
12.7627 1.41399
12.7632 1.43209
12.7637 1.45048
12.7643 1.46915
12.7648 1.4881
12.7653 1.50735
12.7659 1.5269
12.7664 1.54676
12.7669 1.56692
12.7674 1.58739
12.768 1.60819
12.7685 1.62931
12.769 1.65077
12.7695 1.67256
12.7701 1.6947
12.7706 1.71719
12.7711 1.74003
12.7717 1.76324
12.7722 1.78681
12.7727 1.81076
12.7732 1.8351
12.7738 1.85982
12.7743 1.88494
12.7748 1.91047
12.7753 1.9364
12.7759 1.96276
12.7764 1.98954
12.7769 2.01676
12.7775 2.04443
12.778 2.07254
12.7785 2.10111
12.779 2.13015
12.7796 2.15967
12.7801 2.18967
12.7806 2.22016
12.7812 2.25116
12.7817 2.28266
12.7822 2.31469
12.7827 2.34725
12.7833 2.38035
12.7838 2.414
12.7843 2.44821
12.7849 2.48299
12.7854 2.51836
12.7859 2.55431
12.7864 2.59087
12.787 2.62805
12.7875 2.66585
12.788 2.70428
12.7885 2.74337
12.7891 2.78312
12.7896 2.82355
12.7901 2.86466
12.7907 2.90647
12.7912 2.94899
12.7917 2.99224
12.7922 3.03623
12.7928 3.08098
12.7933 3.12649
12.7938 3.17278
12.7944 3.21987
12.7949 3.26777
12.7954 3.3165
12.7959 3.36608
12.7965 3.41651
12.797 3.46781
12.7975 3.52001
12.798 3.57311
12.7986 3.62714
12.7991 3.68211
12.7996 3.73804
12.8002 3.79495
12.8007 3.85286
12.8012 3.91178
12.8017 3.97173
12.8023 4.03274
12.8028 4.09482
12.8033 4.15799
12.8039 4.22228
12.8044 4.2877
12.8049 4.35427
12.8054 4.42203
12.806 4.49098
12.8065 4.56115
12.807 4.63257
12.8075 4.70525
12.8081 4.77923
12.8086 4.85451
12.8091 4.93114
12.8097 5.00913
12.8102 5.08851
12.8107 5.1693
12.8112 5.25153
12.8118 5.33523
12.8123 5.42042
12.8128 5.50713
12.8134 5.59539
12.8139 5.68522
12.8144 5.77666
12.8149 5.86973
12.8155 5.96446
12.816 6.06088
12.8165 6.15903
12.8171 6.25892
12.8176 6.3606
12.8181 6.4641
12.8186 6.56944
12.8192 6.67666
12.8197 6.7858
12.8202 6.89687
12.8207 7.00992
12.8213 7.12499
12.8218 7.24211
12.8223 7.3613
12.8229 7.48261
12.8234 7.60607
12.8239 7.73172
12.8244 7.85959
12.825 7.98972
12.8255 8.12215
12.826 8.25691
12.8266 8.39405
12.8271 8.53359
12.8276 8.67558
12.8281 8.82005
12.8287 8.96705
12.8292 9.11661
12.8297 9.26877
12.8302 9.42357
12.8308 9.58106
12.8313 9.74126
12.8318 9.90422
12.8324 10.07
12.8329 10.2386
12.8334 10.4101
12.8339 10.5844
12.8345 10.7618
12.835 10.9421
12.8355 11.1255
12.8361 11.312
12.8366 11.5016
12.8371 11.6943
12.8376 11.8902
12.8382 12.0893
12.8387 12.2917
12.8392 12.4975
12.8398 12.7065
12.8403 12.9189
12.8408 13.1348
12.8413 13.3541
12.8419 13.5769
12.8424 13.8031
12.8429 14.033
12.8434 14.2664
12.844 14.5034
12.8445 14.7441
12.845 14.9884
12.8456 15.2364
12.8461 15.4882
12.8466 15.7437
12.8471 16.0029
12.8477 16.266
12.8482 16.5329
12.8487 16.8035
12.8493 17.0781
12.8498 17.3565
12.8503 17.6388
12.8508 17.9249
12.8514 18.215
12.8519 18.5089
12.8524 18.8068
12.8529 19.1085
12.8535 19.4142
12.854 19.7238
12.8545 20.0373
12.8551 20.3546
12.8556 20.6759
12.8561 21.001
12.8566 21.33
12.8572 21.6628
12.8577 21.9995
12.8582 22.3399
12.8588 22.6841
12.8593 23.0321
12.8598 23.3837
12.8603 23.739
12.8609 24.098
12.8614 24.4605
12.8619 24.8266
12.8624 25.1962
12.863 25.5692
12.8635 25.9456
12.864 26.3254
12.8646 26.7085
12.8651 27.0948
12.8656 27.4842
12.8661 27.8768
12.8667 28.2724
12.8672 28.6709
12.8677 29.0723
12.8683 29.4766
12.8688 29.8836
12.8693 30.2933
12.8698 30.7056
12.8704 31.1204
12.8709 31.5377
12.8714 31.9573
12.872 32.3793
12.8725 32.8034
12.873 33.2297
12.8735 33.6581
12.8741 34.0885
12.8746 34.5209
12.8751 34.9552
12.8756 35.3912
12.8762 35.8291
12.8767 36.2687
12.8772 36.7099
12.8778 37.1527
12.8783 37.5972
12.8788 38.0433
12.8793 38.4908
12.8799 38.94
12.8804 39.3906
12.8809 39.8428
12.8815 40.2966
12.882 40.752
12.8825 41.209
12.883 41.6677
12.8836 42.1282
12.8841 42.5904
12.8846 43.0547
12.8851 43.5209
12.8857 43.9893
12.8862 44.4601
12.8867 44.9333
12.8873 45.4091
12.8878 45.8877
12.8883 46.3695
12.8888 46.8544
12.8894 47.343
12.8899 47.8353
12.8904 48.3318
12.891 48.8327
12.8915 49.3383
12.892 49.8491
12.8925 50.3654
12.8931 50.8876
12.8936 51.4161
12.8941 51.9515
12.8946 52.494
12.8952 53.0444
12.8957 53.603
12.8962 54.1705
12.8968 54.7473
12.8973 55.3341
12.8978 55.9315
12.8983 56.5401
12.8989 57.1604
12.8994 57.7933
12.8999 58.4393
12.9005 59.0991
12.901 59.7734
12.9015 60.4631
12.902 61.1686
12.9026 61.8909
12.9031 62.6306
12.9036 63.3884
12.9042 64.1652
12.9047 64.9615
12.9052 65.7782
12.9057 66.616
12.9063 67.4755
12.9068 68.3574
12.9073 69.2625
12.9078 70.1913
12.9084 71.1444
12.9089 72.1225
12.9094 73.126
12.91 74.1554
12.9105 75.2113
12.911 76.2939
12.9115 77.4036
12.9121 78.5407
12.9126 79.7054
12.9131 80.8978
12.9137 82.1179
12.9142 83.3658
12.9147 84.6412
12.9152 85.9441
12.9158 87.274
12.9163 88.6306
12.9168 90.0133
12.9173 91.4215
12.9179 92.8546
12.9184 94.3118
12.9189 95.792
12.9195 97.2944
12.92 98.8177
12.9205 100.361
12.921 101.922
12.9216 103.501
12.9221 105.096
12.9226 106.704
12.9232 108.326
12.9237 109.958
12.9242 111.6
12.9247 113.25
12.9253 114.906
12.9258 116.568
12.9263 118.232
12.9268 119.899
12.9274 121.567
12.9279 123.235
12.9284 124.901
12.929 126.566
12.9295 128.229
12.93 129.889
12.9305 131.546
12.9311 133.202
12.9316 134.856
12.9321 136.51
12.9327 138.165
12.9332 139.822
12.9337 141.485
12.9342 143.155
12.9348 144.836
12.9353 146.531
12.9358 148.243
12.9364 149.978
12.9369 151.739
12.9374 153.532
12.9379 155.362
12.9385 157.234
12.939 159.155
12.9395 161.129
12.94 163.164
12.9406 165.265
12.9411 167.439
12.9416 169.691
12.9422 172.028
12.9427 174.454
12.9432 176.975
12.9437 179.596
12.9443 182.32
12.9448 185.15
12.9453 188.09
12.9459 191.139
12.9464 194.3
12.9469 197.571
12.9474 200.949
12.948 204.433
12.9485 208.017
12.949 211.696
12.9495 215.462
12.9501 219.308
12.9506 223.225
12.9511 227.202
12.9517 231.228
12.9522 235.294
12.9527 239.387
12.9532 243.497
12.9538 247.614
12.9543 251.728
12.9548 255.833
12.9554 259.923
12.9559 263.994
12.9564 268.048
12.9569 272.087
12.9575 276.119
12.958 280.154
12.9585 284.209
12.959 288.302
12.9596 292.456
12.9601 296.7
12.9606 301.063
12.9612 305.58
12.9617 310.287
12.9622 315.22
12.9627 320.416
12.9633 325.912
12.9638 331.741
12.9643 337.933
12.9649 344.512
12.9654 351.495
12.9659 358.893
12.9664 366.706
12.967 374.923
12.9675 383.525
12.968 392.483
12.9686 401.756
12.9691 411.3
12.9696 421.061
12.9701 430.988
12.9707 441.03
12.9712 451.14
12.9717 461.288
12.9722 471.453
12.9728 481.636
12.9733 491.861
12.9738 502.171
12.9744 512.632
12.9749 523.329
12.9754 534.359
12.9759 545.823
12.9765 557.818
12.977 570.425
12.9775 583.701
12.9781 597.662
12.9786 612.284
12.9791 627.494
12.9796 643.176
12.9802 659.172
12.9807 675.306
12.9812 691.398
12.9817 707.292
12.9823 722.882
12.9828 738.131
12.9833 753.085
12.9839 767.881
12.9844 782.724
12.9849 797.864
12.9854 813.551
12.986 829.978
12.9865 847.234
12.987 865.249
12.9876 883.773
12.9881 902.376
12.9886 920.482
12.9891 937.444
12.9897 952.642
12.9902 965.585
12.9907 976.012
12.9912 983.933
12.9918 989.629
12.9923 993.568
12.9928 996.278
12.9934 998.188
12.9939 999.482
12.9944 1000
12.9949 999.238
12.9955 996.44
12.996 990.781
12.9965 981.6
12.9971 968.608
12.9976 952.003
12.9981 932.461
12.9986 910.974
12.9992 888.592
12.9997 866.148
13.0002 844.026
13.0008 822.062
13.0013 799.606
13.0018 775.726
13.0023 749.517
13.0029 720.405
13.0034 688.356
13.0039 653.911
13.0044 618.052
13.005 581.948
13.0055 546.662
13.006 512.922
13.0066 481.005
13.0071 450.745
13.0076 421.669
13.0081 393.193
13.0087 364.829
13.0092 336.333
13.0097 307.765
13.0103 279.447
13.0108 251.861
13.0113 225.521
13.0118 200.871
13.0124 178.226
13.0129 157.753
13.0134 139.485
13.0139 123.352
13.0145 109.212
13.015 96.8834
13.0155 86.1701
13.0161 76.8755
13.0166 68.8142
13.0171 61.8173
13.0176 55.7347
13.0182 50.4355
13.0187 45.8065
13.0192 41.751
13.0198 38.1866
13.0203 35.0433
13.0208 32.2621
13.0213 29.7926
13.0219 27.5926
13.0224 25.6261
13.0229 23.8624
13.0234 22.2756
13.024 20.8435
13.0245 19.547
13.025 18.37
13.0256 17.2984
13.0261 16.3202
13.0266 15.4248
13.0271 14.6033
13.0277 13.8478
13.0282 13.1513
13.0287 12.5079
13.0293 11.9122
13.0298 11.3596
13.0303 10.846
13.0308 10.3677
13.0314 9.92166
13.0319 9.50484
13.0324 9.11474
13.033 8.74908
13.0335 8.40582
13.034 8.08311
13.0345 7.77931
13.0351 7.49294
13.0356 7.22265
13.0361 6.96722
13.0366 6.72555
13.0372 6.49665
13.0377 6.2796
13.0382 6.07357
13.0388 5.87781
13.0393 5.69162
13.0398 5.51437
13.0403 5.34548
13.0409 5.18441
13.0414 5.03066
13.0419 4.8838
13.0425 4.74339
13.043 4.60906
13.0435 4.48044
13.044 4.35721
13.0446 4.23905
13.0451 4.12569
13.0456 4.01685
13.0461 3.9123
13.0467 3.8118
13.0472 3.71514
13.0477 3.62212
13.0483 3.53255
13.0488 3.44626
13.0493 3.36309
13.0498 3.28287
13.0504 3.20548
13.0509 3.13077
13.0514 3.05862
13.052 2.9889
13.0525 2.92152
13.053 2.85635
13.0535 2.7933
13.0541 2.73229
13.0546 2.67321
13.0551 2.61599
13.0556 2.56054
13.0562 2.5068
13.0567 2.45469
13.0572 2.40414
13.0578 2.3551
13.0583 2.30749
13.0588 2.26127
13.0593 2.21638
13.0599 2.17276
13.0604 2.13037
13.0609 2.08917
13.0615 2.0491
13.062 2.01013
13.0625 1.97221
13.063 1.93531
13.0636 1.89939
13.0641 1.86442
13.0646 1.83036
13.0652 1.79717
13.0657 1.76484
13.0662 1.73332
13.0667 1.7026
13.0673 1.67265
13.0678 1.64343
13.0683 1.61493
13.0688 1.58712
13.0694 1.55999
13.0699 1.5335
13.0704 1.50764
13.071 1.48239
13.0715 1.45772
13.072 1.43363
13.0725 1.41009
13.0731 1.38709
13.0736 1.3646
13.0741 1.34262
13.0747 1.32114
13.0752 1.30012
13.0757 1.27957
13.0762 1.25947
13.0768 1.2398
13.0773 1.22055
13.0778 1.20172
13.0783 1.18328
13.0789 1.16523
13.0794 1.14756
13.0799 1.13025
13.0805 1.11331
13.081 1.09671
13.0815 1.08044
13.082 1.06451
13.0826 1.0489
13.0831 1.0336
13.0836 1.0186
13.0842 1.00389
13.0847 0.989481
13.0852 0.975347
13.0857 0.961487
13.0863 0.947894
13.0868 0.934561
13.0873 0.921482
13.0878 0.908649
13.0884 0.896058
13.0889 0.883702
13.0894 0.871576
13.09 0.859674
13.0905 0.847991
13.091 0.836521
13.0915 0.825259
13.0921 0.814201
13.0926 0.803342
13.0931 0.792677
13.0937 0.782202
13.0942 0.771912
13.0947 0.761803
13.0952 0.751871
13.0958 0.742112
13.0963 0.732522
13.0968 0.723097
13.0974 0.713835
13.0979 0.70473
13.0984 0.695779
13.0989 0.686981
13.0995 0.678329
13.1 0.669823
13.1005 0.661459
13.101 0.653233
13.1016 0.645143
13.1021 0.637186
13.1026 0.629358
13.1032 0.621658
13.1037 0.614083
13.1042 0.60663
13.1047 0.599296
13.1053 0.59208
13.1058 0.584978
13.1063 0.577989
13.1069 0.57111
13.1074 0.564339
13.1079 0.557673
13.1084 0.551112
13.109 0.544652
13.1095 0.538291
13.11 0.532029
13.1105 0.525862
13.1111 0.519789
13.1116 0.513808
13.1121 0.507917
13.1127 0.502115
13.1132 0.4964
13.1137 0.490771
13.1142 0.485224
13.1148 0.47976
13.1153 0.474377
13.1158 0.469072
13.1164 0.463846
13.1169 0.458695
13.1174 0.453619
13.1179 0.448616
13.1185 0.443686
13.119 0.438826
13.1195 0.434036
13.12 0.429313
13.1206 0.424658
13.1211 0.420069
13.1216 0.415544
13.1222 0.411083
13.1227 0.406684
13.1232 0.402346
13.1237 0.398069
13.1243 0.39385
13.1248 0.38969
13.1253 0.385587
13.1259 0.38154
13.1264 0.377548
13.1269 0.37361
13.1274 0.369726
13.128 0.365894
13.1285 0.362113
13.129 0.358383
13.1296 0.354703
13.1301 0.351072
13.1306 0.347489
13.1311 0.343953
13.1317 0.340464
13.1322 0.337021
13.1327 0.333622
13.1332 0.330268
13.1338 0.326958
13.1343 0.32369
13.1348 0.320465
13.1354 0.317281
13.1359 0.314138
13.1364 0.311035
13.1369 0.307972
13.1375 0.304948
13.138 0.301962
13.1385 0.299014
13.1391 0.296102
13.1396 0.293228
13.1401 0.290389
13.1406 0.287586
13.1412 0.284817
13.1417 0.282083
13.1422 0.279383
13.1427 0.276715
13.1433 0.274081
13.1438 0.271479
13.1443 0.268909
13.1449 0.266369
13.1454 0.263861
13.1459 0.261383
13.1464 0.258935
13.147 0.256517
13.1475 0.254127
13.148 0.251766
13.1486 0.249433
13.1491 0.247128
13.1496 0.24485
13.1501 0.242599
13.1507 0.240375
13.1512 0.238177
13.1517 0.236005
13.1522 0.233858
13.1528 0.231736
13.1533 0.229638
13.1538 0.227565
13.1544 0.225516
13.1549 0.223491
13.1554 0.221489
13.1559 0.219509
13.1565 0.217553
13.157 0.215618
13.1575 0.213706
13.1581 0.211816
13.1586 0.209946
13.1591 0.208098
19.7888 0.278074
19.7893 0.28194
19.7898 0.285872
19.7903 0.289873
19.7908 0.293943
19.7913 0.298083
19.7919 0.302296
19.7924 0.306583
19.7929 0.310945
19.7934 0.315384
19.7939 0.319901
19.7945 0.324498
19.795 0.329177
19.7955 0.33394
19.796 0.338787
19.7965 0.343722
19.797 0.348746
19.7976 0.353861
19.7981 0.359068
19.7986 0.36437
19.7991 0.369769
19.7996 0.375266
19.8002 0.380865
19.8007 0.386567
19.8012 0.392374
19.8017 0.398289
19.8022 0.404314
19.8027 0.410452
19.8033 0.416705
19.8038 0.423075
19.8043 0.429566
19.8048 0.436179
19.8053 0.442918
19.8059 0.449785
19.8064 0.456783
19.8069 0.463916
19.8074 0.471186
19.8079 0.478596
19.8084 0.486151
19.809 0.493851
19.8095 0.501702
19.81 0.509707
19.8105 0.517869
19.811 0.526192
19.8116 0.534679
19.8121 0.543335
19.8126 0.552163
19.8131 0.561167
19.8136 0.570352
19.8141 0.579721
19.8147 0.58928
19.8152 0.599032
19.8157 0.608982
19.8162 0.619136
19.8167 0.629497
19.8173 0.64007
19.8178 0.650862
19.8183 0.661876
19.8188 0.673119
19.8193 0.684597
19.8198 0.696313
19.8204 0.708276
19.8209 0.72049
19.8214 0.732961
19.8219 0.745697
19.8224 0.758704
19.823 0.771988
19.8235 0.785556
19.824 0.799416
19.8245 0.813574
19.825 0.828038
19.8255 0.842817
19.8261 0.857916
19.8266 0.873346
19.8271 0.889115
19.8276 0.90523
19.8281 0.921701
19.8287 0.938537
19.8292 0.955747
19.8297 0.973342
19.8302 0.99133
19.8307 1.00972
19.8312 1.02853
19.8318 1.04776
19.8323 1.06743
19.8328 1.08755
19.8333 1.10812
19.8338 1.12917
19.8344 1.15071
19.8349 1.17274
19.8354 1.19528
19.8359 1.21834
19.8364 1.24194
19.8369 1.2661
19.8375 1.29082
19.838 1.31613
19.8385 1.34203
19.839 1.36855
19.8395 1.3957
19.8401 1.4235
19.8406 1.45196
19.8411 1.48111
19.8416 1.51097
19.8421 1.54154
19.8426 1.57286
19.8432 1.60494
19.8437 1.63781
19.8442 1.67148
19.8447 1.70598
19.8452 1.74133
19.8458 1.77756
19.8463 1.81468
19.8468 1.85273
19.8473 1.89174
19.8478 1.93172
19.8483 1.9727
19.8489 2.01472
19.8494 2.05781
19.8499 2.10199
19.8504 2.14729
19.8509 2.19375
19.8515 2.24139
19.852 2.29026
19.8525 2.34039
19.853 2.39182
19.8535 2.44457
19.854 2.4987
19.8546 2.55423
19.8551 2.61122
19.8556 2.66969
19.8561 2.7297
19.8566 2.79129
19.8572 2.8545
19.8577 2.91939
19.8582 2.98599
19.8587 3.05436
19.8592 3.12455
19.8597 3.19662
19.8603 3.27061
19.8608 3.34658
19.8613 3.42459
19.8618 3.5047
19.8623 3.58697
19.8629 3.67146
19.8634 3.75824
19.8639 3.84736
19.8644 3.9389
19.8649 4.03293
19.8654 4.12952
19.866 4.22874
19.8665 4.33066
19.867 4.43537
19.8675 4.54293
19.868 4.65345
19.8686 4.76698
19.8691 4.88363
19.8696 5.00347
19.8701 5.12659
19.8706 5.2531
19.8711 5.38308
19.8717 5.51661
19.8722 5.65382
19.8727 5.79478
19.8732 5.93961
19.8737 6.0884
19.8743 6.24127
19.8748 6.39832
19.8753 6.55965
19.8758 6.72539
19.8763 6.89564
19.8768 7.07051
19.8774 7.25014
19.8779 7.43462
19.8784 7.62409
19.8789 7.81866
19.8794 8.01846
19.88 8.22361
19.8805 8.43424
19.881 8.65046
19.8815 8.87241
19.882 9.10022
19.8825 9.334
19.8831 9.57389
19.8836 9.82002
19.8841 10.0725
19.8846 10.3315
19.8851 10.5971
19.8857 10.8694
19.8862 11.1485
19.8867 11.4347
19.8872 11.7279
19.8877 12.0283
19.8882 12.3361
19.8888 12.6512
19.8893 12.9738
19.8898 13.304
19.8903 13.642
19.8908 13.9878
19.8914 14.3414
19.8919 14.703
19.8924 15.0727
19.8929 15.4504
19.8934 15.8363
19.8939 16.2304
19.8945 16.6327
19.895 17.0432
19.8955 17.4621
19.896 17.8892
19.8965 18.3246
19.8971 18.7683
19.8976 19.2202
19.8981 19.6803
19.8986 20.1486
19.8991 20.6251
19.8996 21.1095
19.9002 21.6019
19.9007 22.1022
19.9012 22.6103
19.9017 23.126
19.9022 23.6493
19.9028 24.18
19.9033 24.718
19.9038 25.2631
19.9043 25.8153
19.9048 26.3743
19.9053 26.94
19.9059 27.5123
19.9064 28.0911
19.9069 28.6761
19.9074 29.2673
19.9079 29.8646
19.9085 30.4678
19.909 31.0768
19.9095 31.6917
19.91 32.3122
19.9105 32.9385
19.911 33.5706
19.9116 34.2084
19.9121 34.8522
19.9126 35.5019
19.9131 36.1579
19.9136 36.8203
19.9142 37.4893
19.9147 38.1655
19.9152 38.8492
19.9157 39.5408
19.9162 40.2409
19.9167 40.9501
19.9173 41.6692
19.9178 42.3989
19.9183 43.1401
19.9188 43.8937
19.9193 44.6607
19.9199 45.4422
19.9204 46.2394
19.9209 47.0537
19.9214 47.8863
19.9219 48.7386
19.9224 49.6121
19.923 50.5084
19.9235 51.4291
19.924 52.3757
19.9245 53.3501
19.925 54.3539
19.9255 55.3888
19.9261 56.4565
19.9266 57.5588
19.9271 58.6973
19.9276 59.8735
19.9281 61.0892
19.9287 62.3456
19.9292 63.6442
19.9297 64.9861
19.9302 66.3724
19.9307 67.8038
19.9312 69.2811
19.9318 70.8047
19.9323 72.3747
19.9328 73.991
19.9333 75.6532
19.9338 77.3607
19.9344 79.1124
19.9349 80.9071
19.9354 82.7431
19.9359 84.6186
19.9364 86.5313
19.9369 88.4789
19.9375 90.4587
19.938 92.4679
19.9385 94.5036
19.939 96.5628
19.9395 98.6427
19.9401 100.74
19.9406 102.853
19.9411 104.979
19.9416 107.115
19.9421 109.261
19.9426 111.416
19.9432 113.58
19.9437 115.753
19.9442 117.938
19.9447 120.136
19.9452 122.352
19.9458 124.59
19.9463 126.857
19.9468 129.159
19.9473 131.504
19.9478 133.902
19.9483 136.361
19.9489 138.893
19.9494 141.509
19.9499 144.22
19.9504 147.038
19.9509 149.975
19.9515 153.041
19.952 156.247
19.9525 159.603
19.953 163.116
19.9535 166.793
19.954 170.638
19.9546 174.655
19.9551 178.844
19.9556 183.202
19.9561 187.725
19.9566 192.405
19.9572 197.234
19.9577 202.2
19.9582 207.291
19.9587 212.493
19.9592 217.793
19.9597 223.177
19.9603 228.635
19.9608 234.156
19.9613 239.736
19.9618 245.375
19.9623 251.077
19.9629 256.854
19.9634 262.723
19.9639 268.709
19.9644 274.845
19.9649 281.167
19.9654 287.719
19.966 294.549
19.9665 301.705
19.967 309.234
19.9675 317.184
19.968 325.594
19.9685 334.494
19.9691 343.904
19.9696 353.831
19.9701 364.264
19.9706 375.177
19.9711 386.528
19.9717 398.259
19.9722 410.302
19.9727 422.58
19.9732 435.019
19.9737 447.547
19.9742 460.109
19.9748 472.67
19.9753 485.225
19.9758 497.797
19.9763 510.444
19.9768 523.25
19.9774 536.326
19.9779 549.79
19.9784 563.758
19.9789 578.326
19.9794 593.557
19.9799 609.462
19.9805 625.992
19.981 643.041
19.9815 660.445
19.982 678.005
19.9825 695.512
19.9831 712.779
19.9836 729.674
19.9841 746.153
19.9846 762.278
19.9851 778.213
19.9856 794.207
19.9862 810.549
19.9867 827.507
19.9872 845.261
19.9877 863.834
19.9882 883.044
19.9888 902.49
19.9893 921.576
19.9898 939.582
19.9903 955.777
19.9908 969.545
19.9913 980.509
19.9919 988.599
19.9924 994.067
19.9929 997.401
19.9934 999.188
19.9939 999.93
19.9945 999.87
19.995 998.891
19.9955 996.504
19.996 991.958
19.9965 984.456
19.997 973.401
19.9976 958.612
19.9981 940.427
19.9986 919.641
19.9991 897.305
19.9996 874.43
20.0002 851.69
20.0007 829.225
20.0012 806.605
20.0017 782.975
20.0022 757.346
20.0027 728.941
20.0033 697.485
20.0038 663.318
20.0043 627.323
20.0048 590.678
20.0053 554.538
20.0059 519.763
20.0064 486.752
20.0069 455.428
20.0074 425.358
20.0079 395.96
20.0084 366.727
20.009 337.395
20.0095 308.012
20.01 278.905
20.0105 250.57
20.011 223.541
20.0115 198.28
20.0121 175.113
20.0126 154.211
20.0131 135.604
20.0136 119.214
20.0141 104.888
20.0147 92.435
20.0152 81.6469
20.0157 72.3177
20.0162 64.2536
20.0167 57.2784
20.0172 51.2364
20.0178 45.9918
20.0183 41.4278
20.0188 37.4447
20.0193 33.9579
20.0198 30.8955
20.0204 28.1972
20.0209 25.8116
20.0214 23.6956
20.0219 21.8126
20.0224 20.1315
20.0229 18.6261
20.0235 17.2738
20.024 16.0556
20.0245 14.9551
20.025 13.9581
20.0255 13.0527
20.0261 12.2282
20.0266 11.4756
20.0271 10.7872
20.0276 10.1559
20.0281 9.57589
20.0286 9.04185
20.0292 8.54918
20.0297 8.09382
20.0302 7.67219
20.0307 7.28111
20.0312 6.91777
20.0318 6.57967
20.0323 6.26456
20.0328 5.97046
20.0333 5.69558
20.0338 5.43831
20.0343 5.1972
20.0349 4.97097
20.0354 4.75843
20.0359 4.55852
20.0364 4.37028
20.0369 4.19284
20.0375 4.0254
20.038 3.86724
20.0385 3.7177
20.039 3.57618
20.0395 3.44212
20.04 3.31502
20.0406 3.19442
20.0411 3.07988
20.0416 2.97103
20.0421 2.86749
20.0426 2.76893
20.0432 2.67504
20.0437 2.58555
20.0442 2.50017
20.0447 2.41869
20.0452 2.34085
20.0457 2.26646
20.0463 2.19532
20.0468 2.12725
20.0473 2.06207
20.0478 1.99964
20.0483 1.93979
20.0489 1.8824
20.0494 1.82733
20.0499 1.77446
20.0504 1.72369
20.0509 1.6749
20.0514 1.62799
20.052 1.58287
20.0525 1.53946
20.053 1.49767
20.0535 1.45743
20.054 1.41865
20.0545 1.38128
20.0551 1.34525
20.0556 1.31049
20.0561 1.27695
20.0566 1.24457
20.0571 1.21331
20.0577 1.18311
20.0582 1.15392
20.0587 1.12571
20.0592 1.09843
20.0597 1.07204
20.0602 1.04651
20.0608 1.0218
20.0613 0.997877
20.0618 0.974706
20.0623 0.95226
20.0628 0.930509
20.0634 0.909426
20.0639 0.888984
20.0644 0.869159
20.0649 0.849928
29.8553 0.388113
29.8558 0.395429
29.8563 0.402917
29.8568 0.410581
29.8573 0.418426
29.8578 0.426458
29.8584 0.434681
29.8589 0.443101
29.8594 0.451725
29.8599 0.460556
29.8604 0.469603
29.8609 0.47887
29.8614 0.488364
29.862 0.498092
29.8625 0.508061
29.863 0.518278
29.8635 0.528749
29.864 0.539483
29.8645 0.550488
29.865 0.561771
29.8656 0.573342
29.8661 0.585208
29.8666 0.597378
29.8671 0.609862
29.8676 0.62267
29.8681 0.635811
29.8686 0.649296
29.8692 0.663135
29.8697 0.67734
29.8702 0.691921
29.8707 0.706891
29.8712 0.722262
29.8717 0.738047
29.8722 0.754259
29.8728 0.770911
29.8733 0.788018
29.8738 0.805594
29.8743 0.823655
29.8748 0.842217
29.8753 0.861295
29.8758 0.880907
29.8763 0.90107
29.8769 0.921803
29.8774 0.943125
29.8779 0.965056
29.8784 0.987615
29.8789 1.01082
29.8794 1.03471
29.8799 1.05928
29.8805 1.08458
29.881 1.11062
29.8815 1.13743
29.882 1.16503
29.8825 1.19347
29.883 1.22275
29.8835 1.25291
29.8841 1.284
29.8846 1.31602
29.8851 1.34903
29.8856 1.38305
29.8861 1.41813
29.8866 1.4543
29.8871 1.4916
29.8877 1.53006
29.8882 1.56975
29.8887 1.61069
29.8892 1.65294
29.8897 1.69654
29.8902 1.74155
29.8907 1.78802
29.8913 1.836
29.8918 1.88555
29.8923 1.93673
29.8928 1.9896
29.8933 2.04423
29.8938 2.10068
29.8943 2.15903
29.8949 2.21934
29.8954 2.2817
29.8959 2.34619
29.8964 2.41289
29.8969 2.48188
29.8974 2.55326
29.8979 2.62713
29.8985 2.70357
29.899 2.7827
29.8995 2.86463
29.9 2.94946
29.9005 3.03731
29.901 3.12831
29.9015 3.22259
29.9021 3.32027
29.9026 3.42151
29.9031 3.52644
29.9036 3.63522
29.9041 3.74801
29.9046 3.86498
29.9051 3.9863
29.9057 4.11215
29.9062 4.24272
29.9067 4.37821
29.9072 4.51883
29.9077 4.66479
29.9082 4.81633
29.9087 4.97367
29.9093 5.13707
29.9098 5.30678
29.9103 5.48307
29.9108 5.66622
29.9113 5.85653
29.9118 6.05429
29.9123 6.25983
29.9129 6.47348
29.9134 6.69559
29.9139 6.92651
29.9144 7.16663
29.9149 7.41633
29.9154 7.67603
29.9159 7.94614
29.9165 8.22711
29.917 8.51939
29.9175 8.82347
29.918 9.13983
29.9185 9.469
29.919 9.81149
29.9195 10.1679
29.9201 10.5387
29.9206 10.9246
29.9211 11.3261
29.9216 11.7439
29.9221 12.1787
29.9226 12.631
29.9231 13.1017
29.9237 13.5913
29.9242 14.1007
29.9247 14.6305
29.9252 15.1815
29.9257 15.7545
29.9262 16.3502
29.9267 16.9696
29.9273 17.6132
29.9278 18.2821
29.9283 18.9769
29.9288 19.6986
29.9293 20.4479
29.9298 21.2256
29.9303 22.0326
29.9309 22.8696
29.9314 23.7374
29.9319 24.6368
29.9324 25.5685
29.9329 26.5333
29.9334 27.5317
29.9339 28.5644
29.9345 29.632
29.935 30.7349
29.9355 31.8738
29.936 33.0489
29.9365 34.2607
29.937 35.5094
29.9375 36.7952
29.9381 38.1182
29.9386 39.4785
29.9391 40.876
29.9396 42.3108
29.9401 43.7826
29.9406 45.2912
29.9411 46.8364
29.9417 48.4178
29.9422 50.0352
29.9427 51.6883
29.9432 53.3767
29.9437 55.1002
29.9442 56.8586
29.9447 58.6518
29.9453 60.48
29.9458 62.3437
29.9463 64.2433
29.9468 66.1797
29.9473 68.1543
29.9478 70.1686
29.9483 72.2249
29.9488 74.3256
29.9494 76.4742
29.9499 78.6744
29.9504 80.931
29.9509 83.2491
29.9514 85.6352
29.9519 88.096
29.9524 90.6395
29.953 93.2745
29.9535 96.0104
29.954 98.858
29.9545 101.828
29.955 104.934
29.9555 108.187
29.956 111.602
29.9566 115.191
29.9571 118.97
29.9576 122.953
29.9581 127.153
29.9586 131.585
29.9591 136.262
29.9596 141.195
29.9602 146.395
29.9607 151.873
29.9612 157.633
29.9617 163.683
29.9622 170.023
29.9627 176.652
29.9632 183.568
29.9638 190.762
29.9643 198.227
29.9648 205.948
29.9653 213.912
29.9658 222.103
29.9663 230.504
29.9668 239.1
29.9674 247.878
29.9679 256.825
29.9684 265.939
29.9689 275.218
29.9694 284.673
29.9699 294.32
29.9704 304.185
29.971 314.305
29.9715 324.723
29.972 335.488
29.9725 346.657
29.973 358.283
29.9735 370.42
29.974 383.11
29.9746 396.385
29.9751 410.257
29.9756 424.716
29.9761 439.726
29.9766 455.226
29.9771 471.129
29.9776 487.326
29.9782 503.695
29.9787 520.114
29.9792 536.471
29.9797 552.681
29.9802 568.701
29.9807 584.541
29.9812 600.272
29.9818 616.024
29.9823 631.981
29.9828 648.359
29.9833 665.378
29.9838 683.232
29.9843 702.048
29.9848 721.851
29.9854 742.539
29.9859 763.876
29.9864 785.499
29.9869 806.96
29.9874 827.785
29.9879 847.554
29.9884 865.976
29.9889 882.951
29.9895 898.582
29.99 913.152
29.9905 927.023
29.991 940.512
29.9915 953.745
29.992 966.539
29.9925 978.362
29.9931 988.399
29.9936 995.723
29.9941 999.545
29.9946 999.472
29.9951 995.658
29.9956 988.795
29.9961 979.907
29.9967 969.989
29.9972 959.625
29.9977 948.724
29.9982 936.499
29.9987 921.734
29.9992 903.293
29.9997 880.644
30.0003 854.185
30.0008 825.18
30.0013 795.311
30.0018 766.02
30.0023 737.933
30.0028 710.605
30.0033 682.736
30.0039 652.774
30.0044 619.672
30.0049 583.423
30.0054 545.122
30.0059 506.534
30.0064 469.42
30.0069 434.925
30.0075 403.269
30.008 373.818
30.0085 345.465
30.009 317.146
30.0095 288.276
30.01 258.932
30.0105 229.743
30.0111 201.593
30.0116 175.325
30.0121 151.537
30.0126 130.524
30.0131 112.317
30.0136 96.7565
30.0141 83.5769
30.0147 72.471
30.0152 63.1319
30.0157 55.2759
30.0162 48.6542
30.0167 43.0544
30.0172 38.2992
30.0177 34.2424
30.0183 30.7639
30.0188 27.766
30.0193 25.1689
30.0198 22.9073
30.0203 20.9282
30.0208 19.1879
30.0213 17.6504
30.0219 16.286
30.0224 15.0703
30.0229 13.9825
30.0234 13.0057
30.0239 12.1252
30.0244 11.329
30.0249 10.6066
30.0255 9.9492
30.026 9.34928
30.0265 8.8003
30.027 8.29669
30.0275 7.83356
30.028 7.4067
30.0285 7.01241
30.029 6.64747
30.0296 6.30903
30.0301 5.99461
30.0306 5.70197
30.0311 5.42916
30.0316 5.17444
30.0321 4.93625
30.0326 4.71319
30.0332 4.50403
30.0337 4.30763
30.0342 4.12299
30.0347 3.9492
30.0352 3.78543
30.0357 3.63093
30.0362 3.48504
30.0368 3.34712
30.0373 3.21662
30.0378 3.09303
30.0383 2.97587
30.0388 2.86471
30.0393 2.75916
30.0398 2.65886
30.0404 2.56347
30.0409 2.47268
30.0414 2.38621
30.0419 2.30379
30.0424 2.22519
30.0429 2.15017
30.0434 2.07854
30.044 2.01008
30.0445 1.94464
30.045 1.88203
30.0455 1.8221
30.046 1.7647
30.0465 1.70971
30.047 1.65698
30.0476 1.60641
30.0481 1.55788
30.0486 1.51129
30.0491 1.46653
30.0496 1.42352
30.0501 1.38218
30.0506 1.34242
30.0512 1.30416
30.0517 1.26733
30.0522 1.23187
30.0527 1.19771
30.0532 1.16479
30.0537 1.13306
30.0542 1.10246
30.0548 1.07294
30.0553 1.04445
30.0558 1.01695
30.0563 0.990388
30.0568 0.964732
30.0573 0.939942
30.0578 0.915982
30.0584 0.892817
30.0589 0.870413
30.0594 0.84874
30.0599 0.827767
30.0604 0.807468
30.0609 0.787814
41.8941 0.51227
41.8946 0.524961
41.8951 0.538046
41.8956 0.551537
41.8961 0.565451
41.8966 0.579804
41.8971 0.594612
41.8976 0.609892
41.8981 0.625661
41.8986 0.64194
41.8991 0.658748
41.8996 0.676104
41.9001 0.694031
41.9006 0.712551
41.9011 0.731687
41.9016 0.751465
41.9021 0.771909
41.9026 0.793047
41.9031 0.814906
41.9036 0.837516
41.9041 0.860908
41.9046 0.885113
41.9051 0.910167
41.9056 0.936104
41.9061 0.962961
41.9066 0.990777
41.9071 1.01959
41.9076 1.04945
41.9081 1.0804
41.9086 1.11248
41.9091 1.14575
41.9096 1.18026
41.9101 1.21605
41.9106 1.2532
41.9111 1.29175
41.9116 1.33178
41.9121 1.37335
41.9126 1.41652
41.9131 1.46139
41.9136 1.50801
41.9141 1.55648
41.9146 1.60688
41.9151 1.6593
41.9156 1.71385
41.9161 1.77061
41.9166 1.8297
41.9171 1.89122
41.9176 1.95531
41.9181 2.02208
41.9186 2.09167
41.9191 2.16422
41.9196 2.23988
41.9201 2.3188
41.9206 2.40114
41.9211 2.48709
41.9216 2.57684
41.9221 2.67057
41.9226 2.76849
41.9231 2.87083
41.9236 2.97782
41.9241 3.08971
41.9246 3.20676
41.9251 3.32924
41.9256 3.45746
41.9261 3.59173
41.9266 3.73237
41.9271 3.87975
41.9276 4.03424
41.9281 4.19623
41.9286 4.36616
41.9291 4.54446
41.9296 4.73163
41.9301 4.92817
41.9306 5.13461
41.9311 5.35155
41.9316 5.57959
41.9321 5.81938
41.9326 6.07162
41.9331 6.33705
41.9336 6.61646
41.9341 6.91069
41.9346 7.22063
41.9351 7.54724
41.9356 7.89153
41.9361 8.25458
41.9366 8.63755
41.9371 9.04167
41.9376 9.46823
41.9381 9.91865
41.9386 10.3944
41.9391 10.897
41.9396 11.4283
41.9401 11.9899
41.9406 12.5838
41.9411 13.2121
41.9416 13.8768
41.9421 14.5802
41.9426 15.3249
41.9431 16.1133
41.9436 16.9482
41.9441 17.8324
41.9446 18.7691
41.9451 19.7615
41.9456 20.8129
41.9461 21.927
41.9466 23.1075
41.9471 24.3583
41.9476 25.6837
41.9481 27.088
41.9486 28.5756
41.9491 30.1513
41.9496 31.8198
41.9501 33.5863
41.9506 35.4559
41.9511 37.4338
41.9516 39.5254
41.9521 41.7361
41.9526 44.0714
41.9531 46.5369
41.9537 49.1378
41.9542 51.8796
41.9547 54.7675
41.9552 57.8064
41.9557 61.0013
41.9562 64.3565
41.9567 67.8762
41.9572 71.5644
41.9577 75.4242
41.9582 79.4588
41.9587 83.6708
41.9592 88.0622
41.9597 92.6351
41.9602 97.3911
41.9607 102.332
41.9612 107.458
41.9617 112.774
41.9622 118.279
41.9627 123.979
41.9632 129.878
41.9637 135.981
41.9642 142.296
41.9647 148.834
41.9652 155.608
41.9657 162.632
41.9662 169.924
41.9667 177.505
41.9672 185.4
41.9677 193.631
41.9682 202.227
41.9687 211.213
41.9692 220.614
41.9697 230.453
41.9702 240.748
41.9707 251.508
41.9712 262.736
41.9717 274.425
41.9722 286.553
41.9727 299.089
41.9732 311.989
41.9737 325.195
41.9742 338.647
41.9747 352.279
41.9752 366.028
41.9757 379.843
41.9762 393.687
41.9767 407.552
41.9772 421.456
41.9777 435.454
41.9782 449.631
41.9787 464.1
41.9792 478.995
41.9797 494.449
41.9802 510.586
41.9807 527.493
41.9812 545.203
41.9817 563.686
41.9822 582.833
41.9827 602.471
41.9832 622.375
41.9837 642.303
41.9842 662.042
41.9847 681.447
41.9852 700.492
41.9857 719.283
41.9862 738.055
41.9867 757.128
41.9872 776.838
41.9877 797.436
41.9882 818.984
41.9887 841.28
41.9892 863.829
41.9897 885.878
41.9902 906.543
41.9907 924.995
41.9912 940.657
41.9917 953.371
41.9922 963.446
41.9927 971.561
41.9932 978.529
41.9937 984.976
41.9942 991.05
41.9947 996.256
41.9952 999.52
41.9957 999.493
41.9962 995.026
41.9967 985.641
41.9972 971.784
41.9977 954.739
41.9982 936.17
41.9987 917.478
41.9992 899.216
41.9997 880.822
42.0002 860.842
42.0007 837.582
42.0012 809.959
42.0017 778.111
42.0022 743.463
42.0027 708.155
42.0032 674.101
42.0037 642.13
42.0042 611.617
42.0047 580.842
42.0052 547.941
42.0057 511.993
42.0062 473.611
42.0067 434.696
42.0072 397.523
42.0077 363.681
42.0082 333.411
42.0087 305.617
42.0092 278.545
42.0097 250.783
42.0102 222.008
42.0107 193.02
42.0112 165.191
42.0117 139.78
42.0122 117.547
42.0127 98.705
42.0132 83.0729
42.0137 70.2619
42.0142 59.8182
42.0147 51.3066
42.0152 44.3475
42.0157 38.6267
42.0162 33.8919
42.0167 29.9436
42.0172 26.6257
42.0177 23.8159
42.0182 21.4185
42.0187 19.3583
42.0192 17.5758
42.0197 16.0238
42.0202 14.6644
42.0207 13.4672
42.0212 12.4072
42.0217 11.4644
42.0222 10.622
42.0227 9.86626
42.0232 9.18562
42.0237 8.57043
42.0242 8.01256
42.0247 7.50509
42.0252 7.04214
42.0257 6.61863
42.0262 6.23024
42.0267 5.87319
42.0272 5.54421
42.0277 5.24046
42.0282 4.95945
42.0287 4.69898
42.0292 4.45712
42.0297 4.23216
42.0302 4.02257
42.0307 3.827
42.0312 3.64426
42.0317 3.47326
42.0322 3.31305
42.0327 3.16275
42.0332 3.02157
42.0338 2.88882
42.0343 2.76385
42.0348 2.64608
42.0353 2.53499
42.0358 2.43009
42.0363 2.33094
42.0368 2.23715
42.0373 2.14835
42.0378 2.06421
42.0383 1.98441
42.0388 1.90867
42.0393 1.83673
42.0398 1.76836
42.0403 1.70332
42.0408 1.64142
42.0413 1.58247
42.0418 1.52628
42.0423 1.4727
42.0428 1.42158
42.0433 1.37276
42.0438 1.32613
42.0443 1.28157
42.0448 1.23895
42.0453 1.19816
42.0458 1.15913
42.0463 1.12174
42.0468 1.08591
42.0473 1.05157
42.0478 1.01863
42.0483 0.987018
42.0488 0.956678
55.9151 0.664636
55.9156 0.686408
55.9161 0.709075
55.9166 0.732684
55.9171 0.757281
55.9176 0.782916
55.9181 0.809641
55.9186 0.837512
55.9191 0.866589
55.9196 0.896934
55.9201 0.928613
55.9206 0.961697
55.9211 0.996262
55.9216 1.03239
55.9221 1.07015
55.9226 1.10966
55.9231 1.15099
55.9236 1.19425
55.9241 1.23956
55.9246 1.28701
55.9251 1.33675
55.9256 1.3889
55.9261 1.44359
55.9266 1.50099
55.9271 1.56124
55.9276 1.62452
55.9281 1.69101
55.9286 1.7609
55.9291 1.83441
55.9296 1.91175
55.9301 1.99318
55.9306 2.07893
55.9311 2.16929
55.9316 2.26456
55.9321 2.36504
55.9326 2.47109
55.9331 2.58306
55.9336 2.70135
55.9341 2.82639
55.9346 2.95863
55.9351 3.09857
55.9356 3.24672
55.9361 3.40368
55.9366 3.57004
55.9371 3.74649
55.9376 3.93374
55.9381 4.13257
55.9386 4.34383
55.9391 4.56843
55.9396 4.80734
55.9401 5.06166
55.9406 5.33254
55.9411 5.62123
55.9416 5.92911
55.9421 6.25765
55.9426 6.60847
55.9431 6.98332
55.9436 7.38411
55.9441 7.81288
55.9446 8.27191
55.9451 8.76363
55.9456 9.2907
55.9461 9.85602
55.9466 10.4627
55.9471 11.1143
55.9476 11.8143
55.9481 12.567
55.9486 13.3766
55.9491 14.248
55.9496 15.1863
55.9501 16.1972
55.9506 17.2868
55.9511 18.4615
55.9516 19.7287
55.9521 21.0958
55.9526 22.5712
55.9531 24.1638
55.9536 25.8829
55.9541 27.7386
55.9546 29.7417
55.9551 31.9034
55.9556 34.2356
55.9561 36.7507
55.9566 39.4615
55.9571 42.381
55.9576 45.5227
55.9581 48.8996
55.9586 52.525
55.9591 56.4112
55.9596 60.5701
55.9601 65.0121
55.9606 69.7463
55.9611 74.7796
55.9616 80.1166
55.9621 85.7591
55.9626 91.7057
55.9631 97.9517
55.9636 104.489
55.9641 111.305
55.9646 118.385
55.9651 125.712
55.9656 133.266
55.9661 141.028
55.9666 148.979
55.9671 157.104
55.9676 165.392
55.9681 173.838
55.9686 182.449
55.9691 191.239
55.9696 200.233
55.9701 209.468
55.9707 218.989
55.9712 228.849
55.9717 239.104
55.9722 249.808
55.9727 261.009
55.9732 272.743
55.9737 285.027
55.9742 297.853
55.9747 311.188
55.9752 324.97
55.9757 339.113
55.9762 353.515
55.9767 368.064
55.9772 382.659
55.9777 397.222
55.9782 411.716
55.9787 426.161
55.9792 440.636
55.9797 455.287
55.9802 470.304
55.9807 485.911
55.9812 502.322
55.9817 519.713
55.9822 538.18
55.9827 557.711
55.9832 578.17
55.9837 599.312
55.9842 620.817
55.9847 642.358
55.9852 663.674
55.9857 684.65
55.9862 705.363
55.9867 726.083
55.9872 747.195
55.9877 769.086
55.9882 791.973
55.9887 815.756
55.9892 839.943
55.9897 863.686
55.9902 885.973
55.9907 905.92
55.9912 923.077
55.9917 937.605
55.9922 950.205
55.9927 961.793
55.9932 972.987
55.9937 983.658
55.9942 992.769
55.9947 998.661
55.9952 999.762
55.9957 995.384
55.9962 986.186
55.9967 973.952
55.9972 960.711
55.9977 947.647
55.9982 934.42
55.9987 919.377
55.9992 900.642
55.9997 877.441
56.0002 850.742
56.0007 822.659
56.0012 794.95
56.0017 767.683
56.0022 739.11
56.0027 707.008
56.0032 670.579
56.0037 631.399
56.0042 592.562
56.0047 556.606
56.0052 523.739
56.0057 491.712
56.0062 457.526
56.0067 419.795
56.0072 379.917
56.0077 341.136
56.0082 306.374
56.0087 276.45
56.0092 249.786
56.0097 223.686
56.0102 196.314
56.0107 167.858
56.0112 140.043
56.0117 114.784
56.0122 93.2385
56.0127 75.6549
56.0132 61.6826
56.0137 50.7211
56.0142 42.1461
56.0147 35.4134
56.0152 30.0861
56.0157 25.8289
56.0162 22.3896
56.0167 19.5801
56.0172 17.26
56.0177 15.3239
56.0182 13.6927
56.0187 12.3057
56.0192 11.1167
56.0197 10.0896
56.0202 9.19606
56.0207 8.41377
56.0212 7.72486
56.0217 7.1149
56.0222 6.57219
56.0227 6.08712
56.0232 5.65176
56.0237 5.2595
56.0242 4.90481
56.0247 4.58303
56.0252 4.29023
56.0257 4.02301
56.0262 3.77849
56.0267 3.5542
56.0272 3.34797
56.0277 3.15793
56.0282 2.98245
56.0287 2.82008
56.0292 2.66959
56.0297 2.52986
56.0302 2.39992
56.0307 2.27888
56.0312 2.16597
56.0317 2.0605
56.0322 1.96185
75.9315 1.31574
75.932 1.37602
75.9325 1.4398
75.933 1.50735
75.9335 1.57893
75.934 1.65483
75.9345 1.73538
75.935 1.8209
75.9355 1.91178
75.936 2.00842
75.9365 2.11126
75.937 2.22079
75.9375 2.33753
75.938 2.46205
75.9385 2.59498
75.939 2.737
75.9395 2.88886
75.9401 3.05137
75.9406 3.22545
75.9411 3.41206
75.9416 3.61231
75.9421 3.82736
75.9426 4.05854
75.9431 4.30728
75.9436 4.57517
75.9441 4.86396
75.9446 5.17569
75.9451 5.51239
75.9456 5.87643
75.9461 6.27042
75.9466 6.69723
75.9471 7.16005
75.9476 7.66243
75.9481 8.20826
75.9486 8.80188
75.9491 9.44808
75.9496 10.1522
75.9501 10.92
75.9506 11.7581
75.9511 12.6736
75.9516 13.6744
75.9521 14.7692
75.9526 15.9676
75.9531 17.2801
75.9536 18.718
75.9541 20.2938
75.9546 22.021
75.9551 23.9139
75.9556 25.9881
75.9561 28.2598
75.9566 30.7459
75.9571 33.4642
75.9577 36.4321
75.9582 39.6675
75.9587 43.1869
75.9592 47.0059
75.9597 51.1378
75.9602 55.593
75.9607 60.3778
75.9612 65.4938
75.9617 70.937
75.9622 76.6969
75.9627 82.7562
75.9632 89.0916
75.9637 95.6738
75.9642 102.47
75.9647 109.444
75.9652 116.565
75.9657 123.805
75.9662 131.146
75.9667 138.584
75.9672 146.13
75.9677 153.815
75.9682 161.686
75.9687 169.807
75.9692 178.25
75.9697 187.091
75.9702 196.403
75.9707 206.243
75.9712 216.645
75.9717 227.613
75.9722 239.117
75.9727 251.092
75.9732 263.442
75.9737 276.052
75.9742 288.801
75.9748 301.58
75.9753 314.314
75.9758 326.979
75.9763 339.613
75.9768 352.318
75.9773 365.257
75.9778 378.626
75.9783 392.631
75.9788 407.446
75.9793 423.184
75.9798 439.861
75.9803 457.387
75.9808 475.572
75.9813 494.157
75.9818 512.867
75.9823 531.482
75.9828 549.902
75.9833 568.202
75.9838 586.64
75.9843 605.623
75.9848 625.62
75.9853 647.044
75.9858 670.117
75.9863 694.77
75.9868 720.607
75.9873 746.958
75.9878 773.04
75.9883 798.169
75.9888 821.975
75.9893 844.509
75.9898 866.189
75.9903 887.567
75.9908 908.982
75.9913 930.248
75.9919 950.526
75.9924 968.49
75.9929 982.777
75.9934 992.551
75.9939 997.903
75.9944 999.846
75.9949 999.839
75.9954 999.013
75.9959 997.486
75.9964 994.155
75.9969 987.161
75.9974 974.87
75.9979 956.876
75.9984 934.412
75.9989 909.855
75.9994 885.53
75.9999 862.462
76.0004 839.819
76.0009 815.437
76.0014 787.219
76.0019 754.557
76.0024 718.812
76.0029 682.46
76.0034 647.472
76.0039 614.022
76.0044 580.43
76.0049 544.439
76.0054 504.978
76.0059 463.124
76.0064 421.564
76.0069 383.013
76.0074 348.677
76.0079 317.716
76.0084 287.937
76.0089 257.296
76.0095 225.193
76.01 192.673
76.0105 161.594
76.011 133.609
76.0115 109.616
76.012 89.759
76.0125 73.691
76.013 60.8453
76.0135 50.6206
76.014 42.474
76.0145 35.954
76.015 30.7002
76.0155 26.4327
76.016 22.9367
76.0165 20.0478
76.017 17.6403
76.0175 15.6172
76.018 13.9041
76.0185 12.4426
76.019 11.1873
76.0195 10.1021
76.02 9.15847
76.0205 8.33329
76.021 7.60801
76.0215 6.96749
76.022 6.39931
76.0225 5.89321
76.023 5.44068
76.0235 5.03459
76.024 4.66894
76.0245 4.33869
76.025 4.03951
76.0255 3.76774
76.026 3.52023
89.9335 1.37181
89.934 1.43589
89.9345 1.50379
89.935 1.57579
89.9355 1.65219
89.936 1.73331
89.9365 1.81951
89.937 1.91118
89.9375 2.00874
89.938 2.11265
89.9385 2.22341
89.939 2.34156
89.9396 2.46771
89.9401 2.60252
89.9406 2.74669
89.9411 2.90102
89.9416 3.06637
89.9421 3.24369
89.9426 3.43403
89.9431 3.63854
89.9436 3.85849
89.9441 4.09528
89.9446 4.35053
89.9451 4.62588
89.9456 4.92323
89.9461 5.24466
89.9466 5.5925
89.9471 5.96932
89.9476 6.37798
89.9481 6.82165
89.9486 7.30385
89.9491 7.82851
89.9496 8.4
89.9501 9.02315
89.9506 9.70338
89.9512 10.4467
89.9517 11.2598
89.9522 12.15
89.9527 13.1258
89.9532 14.1961
89.9537 15.3712
89.9542 16.6623
89.9547 18.0817
89.9552 19.643
89.9557 21.3612
89.9562 23.2523
89.9567 25.334
89.9572 27.625
89.9577 30.1453
89.9582 32.9159
89.9587 35.9585
89.9592 39.295
89.9597 42.9471
89.9602 46.9354
89.9607 51.2788
89.9612 55.9927
89.9617 61.0882
89.9622 66.5708
89.9628 72.4383
89.9633 78.6799
89.9638 85.2754
89.9643 92.1938
89.9648 99.3944
89.9653 106.828
89.9658 114.439
89.9663 122.171
89.9668 129.969
89.9673 137.789
89.9678 145.602
89.9683 153.4
89.9688 161.2
89.9693 169.048
89.9698 177.014
89.9703 185.191
89.9708 193.684
89.9713 202.603
89.9718 212.049
89.9723 222.1
89.9728 232.803
89.9733 244.166
89.9738 256.148
89.9743 268.667
89.9749 281.599
89.9754 294.797
89.9759 308.11
89.9764 321.403
89.9769 334.587
89.9774 347.636
89.9779 360.603
89.9784 373.621
89.9789 386.895
89.9794 400.673
89.9799 415.214
89.9804 430.743
89.9809 447.411
89.9814 465.262
89.9819 484.215
89.9824 504.076
89.9829 524.571
89.9834 545.406
89.9839 566.343
89.9844 587.273
89.9849 608.264
89.9854 629.567
89.9859 651.569
89.9865 674.685
89.987 699.221
89.9875 725.234
89.988 752.441
89.9885 780.2
89.989 807.619
89.9895 833.754
89.99 857.868
89.9905 879.649
89.991 899.288
89.9915 917.367
89.992 934.55
89.9925 951.2
89.993 967.058
89.9935 981.167
89.994 992.118
89.9945 998.568
89.995 999.828
89.9955 996.218
89.996 988.978
89.9965 979.703
89.997 969.561
89.9975 958.679
89.998 946.054
89.9986 930.116
89.9991 909.697
89.9996 884.869
90.0001 857.107
90.0006 828.584
90.0011 800.969
90.0016 774.417
90.0021 747.435
90.0026 717.824
90.0031 684.185
90.0036 646.958
90.0041 608.189
90.0046 570.139
90.0051 533.744
90.0056 498.117
90.0061 461.498
90.0066 422.95
90.0071 383.392
90.0076 345.071
90.0081 309.991
90.0086 278.588
90.0091 249.605
90.0096 221.216
90.0102 192.458
90.0107 163.842
90.0112 136.794
90.0117 112.682
90.0122 92.2282
90.0127 75.4793
90.0132 62.0543
90.0137 51.4019
90.0142 42.9667
90.0147 36.2642
90.0152 30.902
90.0157 26.5744
90.0162 23.0484
90.0167 20.1472
90.0172 17.7371
90.0177 15.7166
90.0182 14.0079
90.0187 12.5513
90.0192 11.3003
90.0197 10.2185
90.0202 9.27704
90.0207 8.45303
90.0212 7.72792
90.0217 7.08669
90.0223 6.51707
90.0228 6.00893
90.0233 5.55388
90.0238 5.1449
90.0243 4.77609
90.0248 4.44248
90.0253 4.13982
90.0258 3.86449
90.0263 3.61339
90.0268 3.38383
90.0273 3.1735
90.0278 2.98036
90.0283 2.80265
104.938 1.74466
104.938 1.83323
104.939 1.92756
104.939 2.0281
104.94 2.13534
104.94 2.24984
104.941 2.37218
104.941 2.50304
104.942 2.64311
104.942 2.7932
104.943 2.95417
104.943 3.12697
104.944 3.31268
104.944 3.51238
104.945 3.7274
104.945 3.95917
104.946 4.20927
104.946 4.47944
104.947 4.77161
104.947 5.08794
104.948 5.43082
104.948 5.80289
104.949 6.20714
104.949 6.64685
104.95 7.12571
104.95 7.64783
104.951 8.21781
104.952 8.84077
104.952 9.52245
104.953 10.2693
104.953 11.0884
104.954 11.9878
104.954 12.9765
104.955 14.0645
104.955 15.2628
104.956 16.5838
104.956 18.0412
104.957 19.6501
104.957 21.4273
104.958 23.391
104.958 25.561
104.959 27.9588
104.959 30.6073
104.96 33.5306
104.96 36.7539
104.961 40.3025
104.961 44.2017
104.962 48.4753
104.962 53.1447
104.963 58.2275
104.963 63.7355
104.964 69.6732
104.964 76.0358
104.965 82.8075
104.965 89.9604
104.966 97.4542
104.966 105.237
104.967 113.248
104.967 121.421
104.968 129.692
104.968 138.003
104.969 146.315
104.969 154.61
104.97 162.903
104.97 171.238
104.971 179.694
104.971 188.375
104.972 197.404
104.972 206.909
104.973 217.009
104.973 227.794
104.974 239.32
104.974 251.59
104.975 264.55
104.975 278.095
104.976 292.07
104.976 306.29
104.977 320.569
104.977 334.741
104.978 348.697
104.978 362.412
104.979 375.956
104.979 389.501
104.98 403.305
104.98 417.679
104.981 432.943
104.981 449.37
104.982 467.14
104.982 486.296
104.983 506.729
104.983 528.192
104.984 550.347
104.984 572.838
104.985 595.388
104.985 617.881
104.986 640.415
104.986 663.287
104.987 686.926
104.987 711.746
104.988 737.977
104.988 765.512
104.989 793.829
104.99 822.029
104.99 849.007
104.991 873.732
104.991 895.545
104.992 914.356
104.992 930.646
104.993 945.232
104.993 958.865
104.994 971.809
104.994 983.593
104.995 993.072
104.995 998.821
104.996 999.724
104.996 995.493
104.997 986.841
104.997 975.183
104.998 961.99
104.998 948.09
104.999 933.298
104.999 916.556
105 896.572
105 872.612
105.001 845.019
105.001 815.136
105.002 784.665
105.002 754.806
105.003 725.636
105.003 696.065
105.004 664.429
105.004 629.4
105.005 590.762
105.005 549.624
105.006 507.974
105.006 467.842
105.007 430.507
105.007 396.084
105.008 363.661
105.008 331.882
105.009 299.688
105.009 266.841
105.01 233.968
105.01 202.2
105.011 172.684
105.011 146.243
105.012 123.253
105.012 103.708
105.013 87.3464
105.013 73.7809
105.014 62.5884
105.014 53.3658
105.015 45.7573
105.015 39.4615
105.016 34.2299
105.016 29.8608
105.017 26.192
105.017 23.0939
105.018 20.4628
105.018 18.2158
105.019 16.2863
105.019 14.6207
105.02 13.1757
105.02 11.916
105.021 10.8128
105.021 9.84252
105.022 8.98566
105.022 8.22601
105.023 7.55009
105.023 6.94659
105.024 6.40598
105.024 5.92023
105.025 5.48248
105.025 5.08689
105.026 4.72848
105.026 4.40294
105.027 4.10655
105.028 3.8361
119.946 2.56485
119.947 2.72091
119.947 2.88927
119.948 3.07114
119.948 3.26785
119.949 3.48088
119.949 3.71189
119.95 3.96273
119.95 4.23549
119.951 4.5325
119.951 4.85639
119.952 5.2101
119.952 5.59697
119.953 6.02074
119.953 6.48567
119.954 6.99654
119.954 7.55878
119.955 8.17854
119.955 8.86279
119.956 9.61943
119.956 10.4574
119.957 11.3869
119.957 12.4195
119.958 13.568
119.958 14.8474
119.959 16.2741
119.959 17.8669
119.96 19.6465
119.96 21.6361
119.961 23.8614
119.961 26.3502
119.962 29.1328
119.962 32.2411
119.963 35.7083
119.963 39.5681
119.964 43.8528
119.964 48.592
119.965 53.81
119.965 59.523
119.966 65.7361
119.966 72.4404
119.967 79.6099
119.967 87.2005
119.968 95.1504
119.968 103.383
119.969 111.814
119.969 120.36
119.97 128.952
119.97 137.547
119.971 146.143
119.971 154.78
119.972 163.549
119.972 172.577
119.973 182.021
119.973 192.041
119.974 202.777
119.974 214.332
119.975 226.744
119.975 239.979
119.976 253.928
119.976 268.42
119.977 283.243
119.977 298.183
119.978 313.064
119.978 327.785
119.979 342.354
119.979 356.896
119.98 371.635
119.98 386.863
119.981 402.877
119.981 419.919
119.982 438.12
119.982 457.47
119.983 477.816
119.983 498.896
119.984 520.421
119.984 542.159
119.985 564.024
119.985 586.13
119.986 608.783
119.986 632.404
119.987 657.404
119.987 684.019
119.988 712.175
119.988 741.418
119.989 770.95
119.989 799.788
119.99 827.005
119.99 851.979
119.991 874.561
119.991 895.067
119.992 914.085
119.992 932.151
119.993 949.423
119.993 965.501
119.994 979.495
119.994 990.339
119.995 997.221
119.996 999.929
119.996 998.917
119.997 995.047
119.997 989.127
119.998 981.481
119.998 971.801
119.999 959.347
119.999 943.421
120 923.838
120 901.144
120.001 876.439
120.001 850.907
120.002 825.275
120.002 799.492
120.003 772.769
120.003 743.969
120.004 712.155
120.004 677.053
120.005 639.215
120.005 599.832
120.006 560.303
120.006 521.78
120.007 484.857
120.007 449.521
120.008 415.316
120.008 381.659
120.009 348.145
120.009 314.729
120.01 281.744
120.01 249.78
120.011 219.498
120.011 191.467
120.012 166.074
120.012 143.492
120.013 123.71
120.013 106.581
120.014 91.8742
120.014 79.3178
120.015 68.6345
120.015 59.56
120.016 51.8532
120.016 45.3016
120.017 39.7221
120.017 34.9587
120.018 30.8803
120.018 27.3773
120.019 24.3584
120.019 21.7474
120.02 19.4813
120.02 17.5075
120.021 15.7822
120.021 14.2691
120.022 12.9374
120.022 11.7616
120.023 10.7202
120.023 9.79501
120.024 8.97057
120.024 8.23383
120.025 7.57368
120.025 6.98059
120.026 6.4464
120.026 5.96409
120.027 5.52762
120.027 5.13175
120.028 4.77192
120.028 4.44418
120.029 4.14508
120.029 3.8716
120.03 3.62109
120.03 3.39121
120.031 3.17991
120.031 2.98538
120.032 2.80599
120.032 2.64033
134.955 4.11283
134.955 4.39835
134.956 4.71001
134.956 5.05077
134.957 5.424
134.957 5.83352
134.958 6.28368
134.958 6.77944
134.959 7.32645
134.959 7.93118
134.96 8.60104
134.96 9.34453
134.961 10.1714
134.961 11.0928
134.962 12.1216
134.962 13.2726
134.963 14.5627
134.963 16.0113
134.964 17.6408
134.964 19.4765
134.965 21.5472
134.965 23.8856
134.966 26.5283
134.966 29.5158
134.967 32.8926
134.967 36.7066
134.968 41.008
134.968 45.8475
134.969 51.2745
134.969 57.3332
134.97 64.0582
134.97 71.4698
134.971 79.5679
134.971 88.3277
134.972 97.6958
134.972 107.591
134.973 117.908
134.973 128.532
134.974 139.354
134.974 150.293
134.975 161.32
134.975 172.47
134.976 183.854
134.976 195.644
134.977 208.05
134.977 221.284
134.978 235.518
134.979 250.844
134.979 267.244
134.98 284.588
134.98 302.644
134.981 321.125
134.981 339.757
134.982 358.344
134.982 376.844
134.983 395.392
134.983 414.298
134.984 433.987
134.984 454.904
134.985 477.4
134.985 501.644
134.986 527.561
134.986 554.844
134.987 583.031
134.987 611.622
134.988 640.227
134.988 668.664
134.989 696.987
134.989 725.406
134.99 754.128
134.99 783.173
134.991 812.244
134.991 840.704
134.992 867.697
134.992 892.377
134.993 914.152
134.993 932.853
134.994 948.733
134.994 962.295
134.995 974.01
134.995 984.053
134.996 992.169
134.996 997.733
134.997 999.983
134.997 998.332
134.998 992.62
134.998 983.201
134.999 970.825
134.999 956.364
135 940.508
135 923.546
135.001 905.326
135.001 885.38
135.002 863.168
135.002 838.319
135.003 810.784
135.003 780.841
135.004 748.992
135.004 715.792
135.005 681.713
135.005 647.061
135.006 611.983
135.006 576.528
135.007 540.727
135.007 504.668
135.008 468.534
135.008 432.61
135.009 397.259
135.009 362.872
135.01 329.834
135.01 298.479
135.011 269.065
135.011 241.767
135.012 216.675
135.012 193.803
135.013 173.103
135.013 154.48
135.014 137.806
135.014 122.936
135.015 109.713
135.015 97.9799
135.016 87.585
135.016 78.3839
135.017 70.2429
135.017 63.0399
135.018 56.6645
135.018 51.018
135.019 46.0127
135.019 41.5709
135.02 37.6244
135.02 34.113
135.021 30.9843
135.022 28.1922
135.022 25.6965
135.023 23.4621
135.023 21.4584
135.024 19.6585
135.024 18.039
135.025 16.5793
135.025 15.2614
135.026 14.0697
135.026 12.9903
135.027 12.011
135.027 11.1212
135.028 10.3114
135.028 9.57326
135.029 8.89947
135.029 8.28351
135.03 7.71961
135.03 7.20264
135.031 6.72806
135.031 6.29179
135.032 5.89023
135.032 5.52014
135.033 5.17863
135.033 4.86311
135.034 4.57126
135.034 4.30099
135.035 4.05042
135.035 3.81786
135.036 3.6018
135.036 3.40083
135.037 3.21373
135.037 3.03936
135.038 2.8767
135.038 2.72481
135.039 2.58286
135.039 2.45007
135.04 2.32574
135.04 2.20924
135.041 2.09998
135.041 1.99742
135.042 1.90108
135.042 1.81051
135.043 1.7253
135.043 1.64508
135.044 1.56949
135.044 1.49821
135.045 1.43097
135.045 1.36747
135.046 1.30748
135.046 1.25077
135.047 1.19712
135.047 1.14633
135.048 1.09822
135.048 1.05263
135.049 1.00939
135.049 0.96837
135.05 0.929423
149.959 3.33857
149.96 3.5545
149.96 3.78971
149.961 4.04649
149.961 4.32744
149.962 4.63556
149.962 4.97433
149.963 5.34778
149.963 5.7606
149.964 6.21829
149.964 6.72728
149.965 7.29517
149.965 7.93094
149.966 8.64522
149.967 9.4507
149.967 10.3625
149.968 11.3989
149.968 12.5815
149.969 13.9365
149.969 15.4955
149.97 17.2962
149.97 19.3837
149.971 21.8118
149.971 24.6435
149.972 27.952
149.972 31.8198
149.973 36.3367
149.973 41.5954
149.974 47.6827
149.974 54.6673
149.975 62.5823
149.975 71.407
149.976 81.0527
149.976 91.362
149.977 102.133
149.977 113.171
149.978 124.363
149.978 135.744
149.979 147.523
149.979 160.053
149.98 173.734
149.98 188.89
149.981 205.65
149.981 223.89
149.982 243.251
149.982 263.24
149.983 283.414
149.983 303.561
149.984 323.828
149.984 344.715
149.985 366.928
149.985 391.136
149.986 417.737
149.986 446.71
149.987 477.61
149.987 509.724
149.988 542.315
149.988 574.878
149.989 607.27
149.989 639.674
149.99 672.381
149.99 705.516
149.991 738.833
149.991 771.697
149.992 803.254
149.992 832.723
149.993 859.667
149.993 884.092
149.994 906.341
149.994 926.822
149.995 945.712
149.995 962.78
149.996 977.413
149.996 988.826
149.997 996.364
149.997 999.761
149.998 999.249
149.998 995.479
149.999 989.291
149.999 981.435
150 972.35
150 962.066
150.001 950.247
150.001 936.354
150.002 919.839
150.002 900.329
150.003 877.732
150.003 852.241
150.004 824.274
150.004 794.351
150.005 762.983
150.005 730.589
150.006 697.458
150.006 663.764
150.007 629.608
150.007 595.072
150.008 560.269
150.008 525.375
150.009 490.638
150.009 456.363
150.01 422.886
150.01 390.548
150.011 359.659
150.011 330.479
150.012 303.2
150.012 277.941
150.013 254.753
150.013 233.619
150.014 214.471
150.014 197.196
150.015 181.652
150.015 167.676
150.016 155.095
150.016 143.739
150.017 133.439
150.017 124.042
150.018 115.412
150.018 107.431
150.019 100.002
150.019 93.0483
150.02 86.5118
150.02 80.3512
150.021 74.5379
150.021 69.0532
150.022 63.8856
150.022 59.0273
150.023 54.4724
150.023 50.2153
150.024 46.2494
150.024 42.5666
150.025 39.1572
150.025 36.0097
150.026 33.1112
150.026 30.4479
150.027 28.0053
150.027 25.7683
150.028 23.7222
150.028 21.8524
150.029 20.1446
150.029 18.5855
150.03 17.1622
150.03 15.8629
150.031 14.6765
150.031 13.5927
150.032 12.6022
150.032 11.6964
150.033 10.8673
150.033 10.108
150.034 9.41194
150.034 8.77325
150.035 8.18665
150.035 7.64737
150.036 7.15107
150.036 6.69387
150.037 6.27224
150.037 5.88301
150.038 5.52331
150.038 5.19055
150.039 4.88239
150.039 4.59673
150.04 4.33164
150.04 4.08539
150.041 3.85643
150.041 3.64332
150.042 3.44478
150.042 3.25964
150.043 3.08682
150.043 2.92537
150.044 2.7744
150.044 2.6331
150.045 2.50074
150.045 2.37666
150.046 2.26023
150.046 2.1509
150.047 2.04815
150.047 1.95151
150.048 1.86056
150.048 1.77488
150.049 1.69412
150.049 1.61795
150.05 1.54604
150.05 1.47812
150.051 1.41392
150.051 1.3532
150.052 1.29574
150.052 1.24131
150.053 1.18975
150.053 1.14085
150.054 1.09447
150.054 1.05043
150.055 1.00861
150.055 0.968874
150.056 0.931088
150.056 0.895152
150.057 0.86095
150.057 0.82838
150.058 0.797348
