19.7941 0.421799
19.7946 0.428107
19.7951 0.434532
19.7957 0.441079
19.7962 0.447748
19.7967 0.454544
19.7972 0.461469
19.7978 0.468526
19.7983 0.475717
19.7988 0.483047
19.7993 0.490518
19.7998 0.498133
19.8004 0.505896
19.8009 0.513811
19.8014 0.52188
19.8019 0.530108
19.8025 0.538498
19.803 0.547053
19.8035 0.555779
19.804 0.564678
19.8045 0.573756
19.8051 0.583016
19.8056 0.592463
19.8061 0.602101
19.8066 0.611934
19.8072 0.621969
19.8077 0.632209
19.8082 0.642659
19.8087 0.653325
19.8092 0.664213
19.8098 0.675326
19.8103 0.686672
19.8108 0.698256
19.8113 0.710084
19.8118 0.722162
19.8124 0.734496
19.8129 0.747093
19.8134 0.75996
19.8139 0.773103
19.8145 0.78653
19.815 0.800247
19.8155 0.814263
19.816 0.828585
19.8165 0.843221
19.8171 0.85818
19.8176 0.873469
19.8181 0.889098
19.8186 0.905075
19.8192 0.92141
19.8197 0.938113
19.8202 0.955192
19.8207 0.97266
19.8212 0.990525
19.8218 1.0088
19.8223 1.02749
19.8228 1.04662
19.8233 1.06618
19.8239 1.08621
19.8244 1.1067
19.8249 1.12767
19.8254 1.14913
19.8259 1.17111
19.8265 1.1936
19.827 1.21664
19.8275 1.24022
19.828 1.26438
19.8285 1.28912
19.8291 1.31446
19.8296 1.34042
19.8301 1.36701
19.8306 1.39427
19.8312 1.42219
19.8317 1.45081
19.8322 1.48015
19.8327 1.51022
19.8332 1.54104
19.8338 1.57265
19.8343 1.60506
19.8348 1.6383
19.8353 1.6724
19.8359 1.70737
19.8364 1.74324
19.8369 1.78006
19.8374 1.81783
19.8379 1.85659
19.8385 1.89638
19.839 1.93722
19.8395 1.97915
19.84 2.0222
19.8406 2.06641
19.8411 2.11181
19.8416 2.15844
19.8421 2.20635
19.8426 2.25556
19.8432 2.30613
19.8437 2.3581
19.8442 2.41151
19.8447 2.46642
19.8452 2.52286
19.8458 2.58089
19.8463 2.64057
19.8468 2.70194
19.8473 2.76506
19.8479 2.83
19.8484 2.89681
19.8489 2.96556
19.8494 3.03632
19.8499 3.10914
19.8505 3.1841
19.851 3.26128
19.8515 3.34075
19.852 3.4226
19.8526 3.50689
19.8531 3.59373
19.8536 3.68319
19.8541 3.77537
19.8546 3.87037
19.8552 3.96828
19.8557 4.06922
19.8562 4.17328
19.8567 4.28058
19.8573 4.39124
19.8578 4.50538
19.8583 4.62312
19.8588 4.7446
19.8593 4.86995
19.8599 4.99932
19.8604 5.13284
19.8609 5.27068
19.8614 5.413
19.8619 5.55996
19.8625 5.71174
19.863 5.8685
19.8635 6.03045
19.864 6.19779
19.8646 6.3707
19.8651 6.5494
19.8656 6.73412
19.8661 6.92508
19.8666 7.12252
19.8672 7.32668
19.8677 7.53784
19.8682 7.75625
19.8687 7.9822
19.8693 8.21597
19.8698 8.45787
19.8703 8.70822
19.8708 8.96734
19.8713 9.23557
19.8719 9.51328
19.8724 9.80082
19.8729 10.0986
19.8734 10.407
19.874 10.7264
19.8745 11.0573
19.875 11.4001
19.8755 11.7553
19.876 12.1234
19.8766 12.5048
19.8771 12.9001
19.8776 13.3099
19.8781 13.7347
19.8786 14.175
19.8792 14.6315
19.8797 15.1048
19.8802 15.5956
19.8807 16.1045
19.8813 16.6322
19.8818 17.1795
19.8823 17.747
19.8828 18.3356
19.8833 18.9459
19.8839 19.579
19.8844 20.2354
19.8849 20.9162
19.8854 21.6222
19.886 22.3544
19.8865 23.1135
19.887 23.9006
19.8875 24.7167
19.888 25.5627
19.8886 26.4397
19.8891 27.3486
19.8896 28.2905
19.8901 29.2664
19.8907 30.2774
19.8912 31.3246
19.8917 32.4089
19.8922 33.5316
19.8927 34.6935
19.8933 35.8959
19.8938 37.1396
19.8943 38.4258
19.8948 39.7553
19.8953 41.1292
19.8959 42.5484
19.8964 44.0137
19.8969 45.5259
19.8974 47.0859
19.898 48.6942
19.8985 50.3514
19.899 52.0581
19.8995 53.8147
19.9 55.6215
19.9006 57.4786
19.9011 59.3861
19.9016 61.344
19.9021 63.3519
19.9027 65.4094
19.9032 67.5161
19.9037 69.6712
19.9042 71.8739
19.9047 74.1228
19.9053 76.417
19.9058 78.7548
19.9063 81.1347
19.9068 83.5549
19.9074 86.0132
19.9079 88.5078
19.9084 91.0361
19.9089 93.5958
19.9094 96.1843
19.91 98.7991
19.9105 101.437
19.911 104.096
19.9115 106.773
19.912 109.465
19.9126 112.17
19.9131 114.885
19.9136 117.608
19.9141 120.337
19.9147 123.069
19.9152 125.803
19.9157 128.538
19.9162 131.273
19.9167 134.008
19.9173 136.742
19.9178 139.476
19.9183 142.21
19.9188 144.947
19.9194 147.689
19.9199 150.437
19.9204 153.195
19.9209 155.966
19.9214 158.755
19.922 161.565
19.9225 164.403
19.923 167.271
19.9235 170.176
19.9241 173.123
19.9246 176.118
19.9251 179.165
19.9256 182.27
19.9261 185.437
19.9267 188.671
19.9272 191.974
19.9277 195.351
19.9282 198.804
19.9287 202.333
19.9293 205.94
19.9298 209.622
19.9303 213.379
19.9308 217.208
19.9314 221.103
19.9319 225.061
19.9324 229.074
19.9329 233.136
19.9334 237.238
19.934 241.371
19.9345 245.527
19.935 249.697
19.9355 253.87
19.9361 258.038
19.9366 262.193
19.9371 266.329
19.9376 270.439
19.9381 274.519
19.9387 278.567
19.9392 282.583
19.9397 286.569
19.9402 290.531
19.9408 294.474
19.9413 298.408
19.9418 302.346
19.9423 306.3
19.9428 310.285
19.9434 314.319
19.9439 318.417
19.9444 322.597
19.9449 326.875
19.9454 331.265
19.946 335.781
19.9465 340.432
19.947 345.226
19.9475 350.165
19.9481 355.248
19.9486 360.469
19.9491 365.816
19.9496 371.276
19.9501 376.828
19.9507 382.45
19.9512 388.116
19.9517 393.8
19.9522 399.476
19.9528 405.118
19.9533 410.704
19.9538 416.217
19.9543 421.646
19.9548 426.988
19.9554 432.246
19.9559 437.436
19.9564 442.579
19.9569 447.708
19.9575 452.86
19.958 458.08
19.9585 463.416
19.959 468.914
19.9595 474.62
19.9601 480.573
19.9606 486.804
19.9611 493.329
19.9616 500.152
19.9621 507.259
19.9627 514.62
19.9632 522.188
19.9637 529.902
19.9642 537.691
19.9648 545.478
19.9653 553.184
19.9658 560.742
19.9663 568.095
19.9668 575.209
19.9674 582.074
19.9679 588.712
19.9684 595.172
19.9689 601.535
19.9695 607.901
19.97 614.386
19.9705 621.109
19.971 628.182
19.9715 635.693
19.9721 643.697
19.9726 652.205
19.9731 661.182
19.9736 670.541
19.9742 680.154
19.9747 689.865
19.9752 699.505
19.9757 708.916
19.9762 717.977
19.9768 726.625
19.9773 734.869
19.9778 742.797
19.9783 750.571
19.9788 758.404
19.9794 766.535
19.9799 775.186
19.9804 784.523
19.9809 794.623
19.9815 805.446
19.982 816.833
19.9825 828.524
19.983 840.196
19.9835 851.527
19.9841 862.259
19.9846 872.264
19.9851 881.582
19.9856 890.427
19.9862 899.145
19.9867 908.144
19.9872 917.785
19.9877 928.276
19.9882 939.582
19.9888 951.39
19.9893 963.133
19.9898 974.089
19.9903 983.529
19.9909 990.895
19.9914 995.94
19.9919 998.79
19.9924 999.901
19.9929 999.902
19.9935 999.374
19.994 998.624
19.9945 997.528
19.995 995.515
19.9955 991.703
19.9961 985.174
19.9966 975.294
19.9971 961.972
19.9976 945.74
19.9982 927.623
19.9987 908.807
19.9992 890.238
19.9997 872.271
20.0002 854.519
20.0008 835.958
20.0013 815.29
20.0018 791.439
20.0023 763.993
20.0029 733.415
20.0034 700.92
20.0039 668.068
20.0044 636.239
20.0049 606.175
20.0055 577.771
20.006 550.174
20.0065 522.178
20.007 492.738
20.0076 461.437
20.0081 428.663
20.0086 395.476
20.0091 363.212
20.0096 333.045
20.0102 305.644
20.0107 281.03
20.0112 258.66
20.0117 237.684
20.0122 217.282
20.0128 196.96
20.0133 176.677
20.0138 156.772
20.0143 137.768
20.0149 120.168
20.0154 104.319
20.0159 90.3738
20.0164 78.3185
20.0169 68.0232
20.0175 59.2971
20.018 51.9284
20.0185 45.7108
20.019 40.4572
20.0196 36.0047
20.0201 32.2158
20.0206 28.9762
20.0211 26.192
20.0216 23.7862
20.0222 21.6963
20.0227 19.8711
20.0232 18.2687
20.0237 16.8548
20.0243 15.6015
20.0248 14.4852
20.0253 13.4868
20.0258 12.5902
20.0263 11.7819
20.0269 11.0505
20.0274 10.3864
20.0279 9.78152
20.0284 9.22889
20.029 8.72255
20.0295 8.25737
20.03 7.82891
20.0305 7.43332
20.031 7.06725
20.0316 6.72777
20.0321 6.41231
20.0326 6.1186
20.0331 5.84464
20.0336 5.58866
20.0342 5.34909
20.0347 5.12451
20.0352 4.91369
20.0357 4.71549
20.0363 4.5289
20.0368 4.35302
20.0373 4.18703
20.0378 4.03018
20.0383 3.88181
20.0389 3.7413
20.0394 3.6081
20.0399 3.4817
20.0404 3.36164
20.041 3.2475
20.0415 3.13888
20.042 3.03544
20.0425 2.93685
20.043 2.8428
20.0436 2.75301
20.0441 2.66724
20.0446 2.58524
20.0451 2.50679
20.0457 2.43169
20.0462 2.35975
20.0467 2.2908
20.0472 2.22467
20.0477 2.1612
20.0483 2.10027
20.0488 2.04173
20.0493 1.98546
20.0498 1.93134
20.0503 1.87927
20.0509 1.82915
20.0514 1.78088
20.0519 1.73437
20.0524 1.68953
20.053 1.64629
20.0535 1.60457
20.054 1.56431
20.0545 1.52543
20.055 1.48788
20.0556 1.45159
20.0561 1.41652
20.0566 1.3826
20.0571 1.34979
20.0577 1.31804
29.7982 0.443824
29.7987 0.450461
29.7992 0.457223
29.7998 0.464111
29.8003 0.471129
29.8008 0.47828
29.8013 0.485567
29.8018 0.492992
29.8023 0.50056
29.8028 0.508273
29.8034 0.516134
29.8039 0.524148
29.8044 0.532317
29.8049 0.540645
29.8054 0.549136
29.8059 0.557793
29.8064 0.566621
29.807 0.575624
29.8075 0.584805
29.808 0.59417
29.8085 0.603722
29.809 0.613465
29.8095 0.623406
29.81 0.633547
29.8105 0.643894
29.8111 0.654453
29.8116 0.665227
29.8121 0.676223
29.8126 0.687447
29.8131 0.698902
29.8136 0.710596
29.8141 0.722535
29.8147 0.734723
29.8152 0.747168
29.8157 0.759876
29.8162 0.772854
29.8167 0.786108
29.8172 0.799646
29.8177 0.813475
29.8183 0.827601
29.8188 0.842034
29.8193 0.856781
29.8198 0.87185
29.8203 0.887248
29.8208 0.902987
29.8213 0.919072
29.8219 0.935515
29.8224 0.952325
29.8229 0.96951
29.8234 0.987082
29.8239 1.00505
29.8244 1.02343
29.8249 1.04222
29.8254 1.06145
29.826 1.08111
29.8265 1.10123
29.827 1.12181
29.8275 1.14288
29.828 1.16443
29.8285 1.18649
29.829 1.20907
29.8296 1.23219
29.8301 1.25585
29.8306 1.28008
29.8311 1.30489
29.8316 1.3303
29.8321 1.35632
29.8326 1.38297
29.8332 1.41027
29.8337 1.43825
29.8342 1.46691
29.8347 1.49628
29.8352 1.52638
29.8357 1.55723
29.8362 1.58885
29.8367 1.62127
29.8373 1.65451
29.8378 1.68859
29.8383 1.72354
29.8388 1.75939
29.8393 1.79616
29.8398 1.83389
29.8403 1.87259
29.8409 1.9123
29.8414 1.95306
29.8419 1.99489
29.8424 2.03782
29.8429 2.0819
29.8434 2.12716
29.8439 2.17363
29.8445 2.22135
29.845 2.27036
29.8455 2.32071
29.846 2.37244
29.8465 2.42559
29.847 2.4802
29.8475 2.53633
29.8481 2.59402
29.8486 2.65333
29.8491 2.7143
29.8496 2.777
29.8501 2.84148
29.8506 2.9078
29.8511 2.97601
29.8516 3.04619
29.8522 3.11841
29.8527 3.19272
29.8532 3.2692
29.8537 3.34792
29.8542 3.42897
29.8547 3.51241
29.8552 3.59834
29.8558 3.68684
29.8563 3.778
29.8568 3.87191
29.8573 3.96866
29.8578 4.06837
29.8583 4.17112
29.8588 4.27704
29.8594 4.38623
29.8599 4.49881
29.8604 4.6149
29.8609 4.73462
29.8614 4.85812
29.8619 4.98552
29.8624 5.11696
29.863 5.2526
29.8635 5.39259
29.864 5.53709
29.8645 5.68626
29.865 5.84027
29.8655 5.99931
29.866 6.16357
29.8665 6.33323
29.8671 6.50851
29.8676 6.6896
29.8681 6.87673
29.8686 7.07013
29.8691 7.27004
29.8696 7.47669
29.8701 7.69035
29.8707 7.91129
29.8712 8.13978
29.8717 8.3761
29.8722 8.62057
29.8727 8.87349
29.8732 9.1352
29.8737 9.40601
29.8743 9.6863
29.8748 9.97642
29.8753 10.2768
29.8758 10.5877
29.8763 10.9096
29.8768 11.2431
29.8773 11.5883
29.8779 11.946
29.8784 12.3164
29.8789 12.7002
29.8794 13.0978
29.8799 13.5098
29.8804 13.9367
29.8809 14.379
29.8814 14.8375
29.882 15.3127
29.8825 15.8052
29.883 16.3156
29.8835 16.8448
29.884 17.3933
29.8845 17.9619
29.885 18.5514
29.8856 19.1625
29.8861 19.796
29.8866 20.4527
29.8871 21.1334
29.8876 21.8391
29.8881 22.5706
29.8886 23.3289
29.8892 24.1147
29.8897 24.9291
29.8902 25.7731
29.8907 26.6475
29.8912 27.5535
29.8917 28.492
29.8922 29.4641
29.8928 30.4707
29.8933 31.5129
29.8938 32.5917
29.8943 33.7082
29.8948 34.8634
29.8953 36.0584
29.8958 37.294
29.8963 38.5713
29.8969 39.8913
29.8974 41.2549
29.8979 42.663
29.8984 44.1164
29.8989 45.6159
29.8994 47.1624
29.8999 48.7563
29.9005 50.3983
29.901 52.0889
29.9015 53.8286
29.902 55.6175
29.9025 57.456
29.903 59.344
29.9035 61.2814
29.9041 63.2682
29.9046 65.3038
29.9051 67.3877
29.9056 69.5193
29.9061 71.6977
29.9066 73.9217
29.9071 76.1903
29.9076 78.5019
29.9082 80.8549
29.9087 83.2476
29.9092 85.6779
29.9097 88.1439
29.9102 90.643
29.9107 93.173
29.9112 95.7311
29.9118 98.3148
29.9123 100.921
29.9128 103.548
29.9133 106.191
29.9138 108.849
29.9143 111.519
29.9148 114.197
29.9154 116.881
29.9159 119.569
29.9164 122.259
29.9169 124.948
29.9174 127.635
29.9179 130.319
29.9184 132.999
29.919 135.674
29.9195 138.345
29.92 141.012
29.9205 143.676
29.921 146.339
29.9215 149.002
29.922 151.669
29.9225 154.343
29.9231 157.028
29.9236 159.727
29.9241 162.445
29.9246 165.189
29.9251 167.962
29.9256 170.77
29.9261 173.62
29.9267 176.517
29.9272 179.467
29.9277 182.476
29.9282 185.549
29.9287 188.69
29.9292 191.905
29.9297 195.197
29.9303 198.569
29.9308 202.023
29.9313 205.559
29.9318 209.179
29.9323 212.88
29.9328 216.661
29.9333 220.518
29.9339 224.445
29.9344 228.437
29.9349 232.486
29.9354 236.585
29.9359 240.724
29.9364 244.893
29.9369 249.084
29.9374 253.284
29.938 257.486
29.9385 261.678
29.939 265.853
29.9395 270.003
29.94 274.122
29.9405 278.206
29.941 282.253
29.9416 286.264
29.9421 290.24
29.9426 294.188
29.9431 298.117
29.9436 302.036
29.9441 305.958
29.9446 309.9
29.9452 313.878
29.9457 317.91
29.9462 322.015
29.9467 326.213
29.9472 330.52
29.9477 334.955
29.9482 339.533
29.9488 344.264
29.9493 349.158
29.9498 354.219
29.9503 359.447
29.9508 364.836
29.9513 370.376
29.9518 376.053
29.9523 381.846
29.9529 387.731
29.9534 393.682
29.9539 399.67
29.9544 405.663
29.9549 411.635
29.9554 417.557
29.9559 423.407
29.9565 429.168
29.957 434.83
29.9575 440.391
29.958 445.858
29.9585 451.249
29.959 456.589
29.9595 461.911
29.9601 467.258
29.9606 472.675
29.9611 478.211
29.9616 483.915
29.9621 489.833
29.9626 496.003
29.9631 502.454
29.9637 509.204
29.9642 516.256
29.9647 523.595
29.9652 531.192
29.9657 539.001
29.9662 546.964
29.9667 555.012
29.9672 563.07
29.9678 571.064
29.9683 578.924
29.9688 586.597
29.9693 594.045
29.9698 601.257
29.9703 608.247
29.9708 615.061
29.9714 621.769
29.9719 628.469
29.9724 635.274
29.9729 642.303
29.9734 649.676
29.9739 657.493
29.9744 665.831
29.975 674.726
29.9755 684.17
29.976 694.103
29.9765 704.418
29.977 714.965
29.9775 725.565
29.978 736.027
29.9786 746.173
29.9791 755.862
29.9796 765.01
29.9801 773.61
29.9806 781.742
29.9811 789.569
29.9816 797.324
29.9821 805.282
29.9827 813.725
29.9832 822.897
29.9837 832.966
29.9842 843.982
29.9847 855.861
29.9852 868.38
29.9857 881.2
29.9863 893.921
29.9868 906.137
29.9873 917.521
29.9878 927.883
29.9883 937.212
29.9888 945.671
29.9893 953.548
29.9899 961.16
29.9904 968.746
29.9909 976.351
29.9914 983.756
29.9919 990.482
29.9924 995.86
29.9929 999.19
29.9935 999.921
29.994 997.82
29.9945 993.056
29.995 986.157
29.9955 977.848
29.996 968.815
29.9965 959.454
29.997 949.715
29.9976 939.09
29.9981 926.769
29.9986 911.926
29.9991 894.04
29.9996 873.122
30.0001 849.755
30.0006 824.93
30.0012 799.718
30.0017 774.909
30.0022 750.744
30.0027 726.838
30.0032 702.318
30.0037 676.152
30.0042 647.537
30.0048 616.217
30.0053 582.603
30.0058 547.677
30.0063 512.7
30.0068 478.867
30.0073 447.016
30.0078 417.456
30.0084 389.974
30.0089 363.971
30.0094 338.701
30.0099 313.525
30.0104 288.098
30.0109 262.446
30.0114 236.913
30.0119 212.025
30.0125 188.337
30.013 166.312
30.0135 146.26
30.014 128.322
30.0145 112.498
30.015 98.6857
30.0155 86.7177
30.0161 76.3971
30.0166 67.5204
30.0171 59.8916
30.0176 53.3319
30.0181 47.6822
30.0186 42.8048
30.0191 38.5816
30.0197 34.9124
30.0202 31.713
30.0207 28.9128
30.0212 26.4523
30.0217 24.2821
30.0222 22.3605
30.0227 20.6527
30.0233 19.1292
30.0238 17.7654
30.0243 16.5402
30.0248 15.436
30.0253 14.4376
30.0258 13.5322
30.0263 12.7087
30.0268 11.9575
30.0274 11.2706
30.0279 10.6408
30.0284 10.062
30.0289 9.52888
30.0294 9.03667
30.0299 8.58129
30.0304 8.15916
30.031 7.7671
30.0315 7.40229
30.032 7.06226
30.0325 6.74479
30.033 6.44792
30.0335 6.16988
30.034 5.90911
30.0346 5.66419
30.0351 5.43384
30.0356 5.21694
30.0361 5.01243
30.0366 4.81939
30.0371 4.63696
30.0376 4.46439
30.0382 4.30096
30.0387 4.14603
30.0392 3.99903
30.0397 3.85942
30.0402 3.7267
30.0407 3.60043
30.0412 3.4802
30.0417 3.36563
30.0423 3.25636
30.0428 3.15207
30.0433 3.05247
30.0438 2.95727
30.0443 2.86622
30.0448 2.77909
30.0453 2.69565
30.0459 2.6157
30.0464 2.53904
30.0469 2.46551
30.0474 2.39492
30.0479 2.32713
30.0484 2.262
30.0489 2.19938
30.0495 2.13915
30.05 2.08119
30.0505 2.02539
30.051 1.97165
30.0515 1.91986
30.052 1.86993
30.0525 1.82179
30.0531 1.77533
30.0536 1.73049
30.0541 1.6872
30.0546 1.64538
30.0551 1.60498
30.0556 1.56592
30.0561 1.52815
30.0566 1.49161
30.0572 1.45626
30.0577 1.42204
41.8501 0.378904
41.8506 0.385939
41.8511 0.393138
41.8516 0.400504
41.8521 0.408044
41.8526 0.415761
41.8531 0.42366
41.8536 0.431747
41.8541 0.440027
41.8546 0.448505
41.8551 0.457188
41.8556 0.466081
41.8561 0.47519
41.8566 0.484522
41.8571 0.494083
41.8576 0.50388
41.8581 0.513919
41.8586 0.524208
41.8591 0.534755
41.8596 0.545567
41.8601 0.556652
41.8606 0.568018
41.8611 0.579674
41.8616 0.591629
41.8621 0.603893
41.8626 0.616473
41.8631 0.629381
41.8636 0.642626
41.8641 0.656219
41.8646 0.670171
41.8651 0.684493
41.8657 0.699197
41.8662 0.714296
41.8667 0.729801
41.8672 0.745726
41.8677 0.762084
41.8682 0.778891
41.8687 0.796159
41.8692 0.813905
41.8697 0.832144
41.8702 0.850893
41.8707 0.870168
41.8712 0.889988
41.8717 0.910369
41.8722 0.931333
41.8727 0.952898
41.8732 0.975085
41.8737 0.997915
41.8742 1.02141
41.8747 1.0456
41.8752 1.07049
41.8757 1.09613
41.8762 1.12253
41.8767 1.14972
41.8772 1.17773
41.8777 1.20658
41.8782 1.23632
41.8787 1.26697
41.8792 1.29856
41.8797 1.33113
41.8802 1.36472
41.8807 1.39936
41.8812 1.43509
41.8817 1.47195
41.8822 1.50999
41.8827 1.54925
41.8832 1.58977
41.8837 1.63161
41.8842 1.67481
41.8847 1.71943
41.8852 1.76553
41.8857 1.81315
41.8862 1.86237
41.8867 1.91324
41.8872 1.96583
41.8877 2.02021
41.8882 2.07644
41.8887 2.13462
41.8892 2.1948
41.8897 2.25709
41.8902 2.32155
41.8907 2.38829
41.8912 2.4574
41.8917 2.52897
41.8922 2.60311
41.8927 2.67993
41.8932 2.75954
41.8937 2.84207
41.8942 2.92763
41.8947 3.01636
41.8952 3.10839
41.8957 3.20387
41.8962 3.30296
41.8967 3.40581
41.8972 3.51258
41.8977 3.62345
41.8982 3.73862
41.8987 3.85826
41.8992 3.98258
41.8997 4.11181
41.9002 4.24615
41.9007 4.38586
41.9012 4.53117
41.9017 4.68234
41.9022 4.83966
41.9027 5.00341
41.9032 5.17389
41.9037 5.35143
41.9042 5.53636
41.9047 5.72904
41.9052 5.92983
41.9057 6.13914
41.9062 6.35738
41.9067 6.58498
41.9072 6.8224
41.9077 7.07014
41.9082 7.32868
41.9087 7.59858
41.9092 7.88041
41.9097 8.17475
41.9102 8.48224
41.9107 8.80354
41.9112 9.13935
41.9117 9.4904
41.9122 9.85747
41.9127 10.2414
41.9132 10.643
41.9138 11.0632
41.9143 11.503
41.9148 11.9633
41.9153 12.4453
41.9158 12.95
41.9163 13.4786
41.9168 14.0324
41.9173 14.6126
41.9178 15.2206
41.9183 15.8579
41.9188 16.5258
41.9193 17.2261
41.9198 17.9604
41.9203 18.7304
41.9208 19.5378
41.9213 20.3847
41.9218 21.2729
41.9223 22.2046
41.9228 23.1818
41.9233 24.2069
41.9238 25.2821
41.9243 26.4098
41.9248 27.5926
41.9253 28.8329
41.9258 30.1335
41.9263 31.4971
41.9268 32.9264
41.9273 34.4243
41.9278 35.9937
41.9283 37.6374
41.9288 39.3585
41.9293 41.1599
41.9298 43.0445
41.9303 45.0152
41.9308 47.0748
41.9313 49.2262
41.9318 51.472
41.9323 53.8146
41.9328 56.2564
41.9333 58.7995
41.9338 61.4456
41.9343 64.1963
41.9348 67.0528
41.9353 70.0158
41.9358 73.0857
41.9363 76.2622
41.9368 79.5446
41.9373 82.9316
41.9378 86.4214
41.9383 90.0113
41.9388 93.698
41.9393 97.4778
41.9398 101.346
41.9403 105.297
41.9408 109.325
41.9413 113.425
41.9418 117.588
41.9423 121.807
41.9428 126.075
41.9433 130.385
41.9438 134.728
41.9443 139.097
41.9448 143.486
41.9453 147.887
41.9458 152.296
41.9463 156.709
41.9468 161.122
41.9473 165.535
41.9478 169.948
41.9483 174.364
41.9488 178.789
41.9493 183.229
41.9498 187.694
41.9503 192.196
41.9508 196.749
41.9513 201.367
41.9518 206.068
41.9523 210.869
41.9528 215.79
41.9533 220.848
41.9538 226.061
41.9543 231.444
41.9548 237.011
41.9553 242.771
41.9558 248.73
41.9563 254.89
41.9568 261.245
41.9573 267.786
41.9578 274.497
41.9583 281.355
41.9588 288.334
41.9593 295.402
41.9598 302.525
41.9604 309.668
41.9609 316.797
41.9614 323.879
41.9619 330.889
41.9624 337.809
41.9629 344.632
41.9634 351.363
41.9639 358.018
41.9644 364.627
41.9649 371.234
41.9654 377.892
41.9659 384.663
41.9664 391.613
41.9669 398.808
41.9674 406.313
41.9679 414.18
41.9684 422.45
41.9689 431.142
41.9694 440.259
41.9699 449.777
41.9704 459.649
41.9709 469.807
41.9714 480.166
41.9719 490.628
41.9724 501.091
41.9729 511.46
41.9734 521.654
41.9739 531.62
41.9744 541.34
41.9749 550.838
41.9754 560.181
41.9759 569.478
41.9764 578.872
41.9769 588.53
41.9774 598.622
41.9779 609.303
41.9784 620.688
41.9789 632.835
41.9794 645.726
41.9799 659.264
41.9804 673.272
41.9809 687.517
41.9814 701.745
41.9819 715.717
41.9824 729.265
41.9829 742.331
41.9834 754.993
41.9839 767.465
41.9844 780.065
41.9849 793.15
41.9854 807.03
41.9859 821.882
41.9864 837.673
41.9869 854.135
41.9874 870.789
41.9879 887.045
41.9884 902.34
41.9889 916.294
41.9894 928.816
41.9899 940.126
41.9904 950.65
41.9909 960.823
41.9914 970.848
41.9919 980.512
41.9924 989.145
41.9929 995.776
41.9934 999.457
41.9939 999.643
41.9944 996.473
41.9949 990.765
41.9954 983.701
41.9959 976.277
41.9964 968.747
41.9969 960.358
41.9974 949.568
41.9979 934.73
41.9984 914.97
41.9989 890.759
41.9994 863.831
41.9999 836.447
42.0004 810.363
42.0009 786.043
42.0014 762.472
42.0019 737.681
42.0024 709.735
42.0029 677.745
42.0034 642.386
42.0039 605.651
42.0044 569.899
42.0049 536.63
42.0055 505.638
42.006 475.129
42.0065 443.006
42.007 408.523
42.0075 372.954
42.008 338.678
42.0085 307.547
42.009 279.85
42.0095 254.45
42.01 229.739
42.0105 204.685
42.011 179.324
42.0115 154.526
42.012 131.401
42.0125 110.799
42.013 93.107
42.0135 78.3102
42.014 66.1394
42.0145 56.2155
42.015 48.1454
42.0155 41.5722
42.016 36.1937
42.0165 31.7645
42.017 28.0894
42.0175 25.0155
42.018 22.4234
42.0185 20.2198
42.019 18.3319
42.0195 16.7025
42.02 15.2862
42.0205 14.0472
42.021 12.9566
42.0215 11.9912
42.022 11.1322
42.0225 10.3641
42.023 9.67416
42.0235 9.05186
42.024 8.48837
42.0245 7.9763
42.025 7.50941
42.0255 7.08237
42.026 6.69065
42.0265 6.33035
42.027 5.99811
42.0275 5.69101
42.028 5.40651
42.0285 5.1424
42.029 4.89674
42.0295 4.6678
42.03 4.45408
42.0305 4.25424
42.031 4.06707
42.0315 3.89151
42.032 3.7266
42.0325 3.57151
42.033 3.42544
42.0335 3.28771
42.034 3.1577
42.0345 3.03483
42.035 2.91859
42.0355 2.80851
42.036 2.70416
42.0365 2.60514
42.037 2.51112
42.0375 2.42175
42.038 2.33673
42.0385 2.25579
42.039 2.17868
42.0395 2.10516
42.04 2.03501
42.0405 1.96803
42.041 1.90404
42.0415 1.84286
42.042 1.78434
42.0425 1.72832
42.043 1.67467
42.0435 1.62326
42.044 1.57397
42.0445 1.52668
42.045 1.4813
42.0455 1.43772
42.046 1.39585
42.0465 1.35561
42.047 1.31691
42.0475 1.27969
42.048 1.24386
42.0485 1.20936
42.049 1.17613
42.0495 1.14411
42.0501 1.11325
42.0506 1.08348
42.0511 1.05477
42.0516 1.02706
42.0521 1.00031
42.0526 0.974471
42.0531 0.949514
42.0536 0.925397
42.0541 0.902085
42.0546 0.879543
42.0551 0.857739
42.0556 0.836644
42.0561 0.816227
42.0566 0.796465
42.0571 0.777328
42.0576 0.758791
42.0581 0.740831
42.0586 0.723425
42.0591 0.706552
55.8953 0.495535
55.8958 0.508658
55.8963 0.522217
55.8968 0.536229
55.8973 0.550713
55.8978 0.565688
55.8983 0.581173
55.8988 0.597189
55.8993 0.613759
55.8999 0.630905
55.9004 0.648652
55.9009 0.667024
55.9014 0.686049
55.9019 0.705754
55.9024 0.726167
55.9029 0.747321
55.9034 0.769246
55.9039 0.791977
55.9044 0.815549
55.9049 0.84
55.9054 0.865369
55.9059 0.891697
55.9064 0.919027
55.9069 0.947406
55.9074 0.976882
55.9079 1.0075
55.9084 1.03933
55.9089 1.07241
55.9094 1.10681
55.9099 1.14258
55.9104 1.17981
55.9109 1.21854
55.9114 1.25887
55.9119 1.30086
55.9124 1.34461
55.9129 1.39019
55.9134 1.4377
55.9139 1.48723
55.9144 1.5389
55.9149 1.5928
55.9154 1.64906
55.9159 1.70779
55.9164 1.76913
55.917 1.83322
55.9175 1.90019
55.918 1.97022
55.9185 2.04345
55.919 2.12007
55.9195 2.20026
55.92 2.28422
55.9205 2.37217
55.921 2.46431
55.9215 2.5609
55.922 2.66219
55.9225 2.76844
55.923 2.87995
55.9235 2.99702
55.924 3.11998
55.9245 3.24918
55.925 3.38499
55.9255 3.52782
55.926 3.67808
55.9265 3.83625
55.927 4.00279
55.9275 4.17824
55.928 4.36316
55.9285 4.55813
55.929 4.7638
55.9295 4.98087
55.93 5.21005
55.9305 5.45216
55.931 5.70802
55.9315 5.97855
55.932 6.26472
55.9325 6.56758
55.933 6.88826
55.9335 7.22797
55.9341 7.588
55.9346 7.96975
55.9351 8.37472
55.9356 8.80453
55.9361 9.26091
55.9366 9.74573
55.9371 10.261
55.9376 10.8089
55.9381 11.3917
55.9386 12.0119
55.9391 12.6723
55.9396 13.3757
55.9401 14.1251
55.9406 14.924
55.9411 15.776
55.9416 16.6847
55.9421 17.6544
55.9426 18.6895
55.9431 19.7946
55.9436 20.9749
55.9441 22.2355
55.9446 23.5823
55.9451 25.0214
55.9456 26.559
55.9461 28.2021
55.9466 29.9578
55.9471 31.8336
55.9476 33.8374
55.9481 35.9774
55.9486 38.262
55.9491 40.6999
55.9496 43.3002
55.9501 46.0718
55.9506 49.0237
55.9512 52.165
55.9517 55.5042
55.9522 59.0498
55.9527 62.8096
55.9532 66.7903
55.9537 70.9982
55.9542 75.4377
55.9547 80.1123
55.9552 85.0231
55.9557 90.1695
55.9562 95.5486
55.9567 101.155
55.9572 106.98
55.9577 113.013
55.9582 119.24
55.9587 125.645
55.9592 132.209
55.9597 138.912
55.9602 145.731
55.9607 152.643
55.9612 159.628
55.9617 166.666
55.9622 173.738
55.9627 180.834
55.9632 187.946
55.9637 195.074
55.9642 202.226
55.9647 209.421
55.9652 216.683
55.9657 224.048
55.9662 231.557
55.9667 239.26
55.9672 247.21
55.9678 255.457
55.9683 264.054
55.9688 273.042
55.9693 282.453
55.9698 292.301
55.9703 302.585
55.9708 313.276
55.9713 324.327
55.9718 335.669
55.9723 347.214
55.9728 358.865
55.9733 370.523
55.9738 382.099
55.9743 393.529
55.9748 404.784
55.9753 415.879
55.9758 426.879
55.9763 437.902
55.9768 449.106
55.9773 460.682
55.9778 472.83
55.9783 485.734
55.9788 499.54
55.9793 514.33
55.9798 530.104
55.9803 546.766
55.9808 564.132
55.9813 581.944
55.9818 599.907
55.9823 617.731
55.9828 635.187
55.9833 652.159
55.9838 668.682
55.9843 684.953
55.9849 701.32
55.9854 718.216
55.9859 736.081
55.9864 755.243
55.9869 775.815
55.9874 797.617
55.9879 820.143
55.9884 842.628
55.9889 864.189
55.9894 884.033
55.9899 901.679
55.9904 917.11
55.9909 930.775
55.9914 943.413
55.9919 955.727
55.9924 968.003
55.9929 979.83
55.9934 990.085
55.9939 997.248
55.9944 999.993
55.9949 997.804
55.9954 991.297
55.9959 982.009
55.9964 971.675
55.9969 961.324
55.9974 950.661
55.9979 938.131
55.9984 921.746
55.9989 900.297
55.9994 874.209
55.9999 845.471
56.0004 816.571
56.0009 789.053
56.0015 762.587
56.002 735.164
56.0025 704.435
56.003 669.381
56.0035 631.205
56.004 592.716
56.0045 556.555
56.005 523.416
56.0055 491.552
56.006 458.116
56.0065 421.525
56.007 382.884
56.0075 345.207
56.008 311.203
56.0085 281.499
56.009 254.5
56.0095 227.792
56.01 199.946
56.0105 171.358
56.011 143.671
56.0115 118.595
56.012 97.1379
56.0125 79.509
56.013 65.3825
56.0135 54.2023
56.014 45.3822
56.0145 38.4028
56.015 32.8421
56.0155 28.3708
56.016 24.7384
56.0165 21.7559
56.017 19.2812
56.0175 17.207
56.018 15.4519
56.0186 13.9536
56.0191 12.664
56.0196 11.5457
56.0201 10.5691
56.0206 9.71098
56.0211 8.95248
56.0216 8.27849
56.0221 7.67668
56.0226 7.13691
56.0231 6.65077
56.0236 6.21129
56.0241 5.81258
56.0246 5.44968
56.0251 5.11838
56.0256 4.81509
56.0261 4.5367
56.0266 4.28054
56.0271 4.04431
56.0276 3.82598
56.0281 3.6238
56.0286 3.43623
56.0291 3.26188
56.0296 3.09955
56.0301 2.94818
56.0306 2.8068
56.0311 2.67456
56.0316 2.55072
56.0321 2.43458
56.0326 2.32553
56.0331 2.22301
56.0336 2.12654
56.0341 2.03564
56.0346 1.94991
56.0352 1.86899
56.0357 1.79251
56.0362 1.72018
56.0367 1.65171
56.0372 1.58684
56.0377 1.52533
56.0382 1.46696
56.0387 1.41153
56.0392 1.35885
56.0397 1.30875
56.0402 1.26106
56.0407 1.21566
56.0412 1.17239
56.0417 1.13113
60.9358 1.13828
60.9363 1.19154
60.9368 1.24797
60.9373 1.30779
60.9378 1.37126
60.9384 1.43863
60.9389 1.5102
60.9394 1.58628
60.9399 1.66724
60.9404 1.75342
60.9409 1.84526
60.9414 1.9432
60.9419 2.04771
60.9424 2.15935
60.9429 2.27869
60.9434 2.40638
60.9439 2.54311
60.9444 2.68966
60.9449 2.84688
60.9454 3.01569
60.9459 3.19713
60.9464 3.39232
60.9469 3.60251
60.9474 3.82908
60.9479 4.07355
60.9484 4.33761
60.9489 4.62311
60.9494 4.93213
60.9499 5.26695
60.9504 5.63012
60.9509 6.02446
60.9514 6.45311
60.9519 6.91957
60.9524 7.42773
60.9529 7.9819
60.9534 8.58691
60.9539 9.24813
60.9544 9.97154
60.9549 10.7638
60.9554 11.6323
60.956 12.5853
60.9565 13.6319
60.957 14.7824
60.9575 16.0479
60.958 17.4409
60.9585 18.9751
60.959 20.6655
60.9595 22.5285
60.96 24.5819
60.9605 26.845
60.961 29.3383
60.9615 32.0836
60.962 35.1036
60.9625 38.4216
60.963 42.061
60.9635 46.045
60.964 50.395
60.9645 55.1305
60.965 60.2672
60.9655 65.8165
60.966 71.7836
60.9665 78.1664
60.967 84.955
60.9675 92.131
60.968 99.6677
60.9685 107.532
60.969 115.686
60.9695 124.092
60.97 132.717
60.9705 141.536
60.971 150.542
60.9715 159.747
60.972 169.187
60.9725 178.924
60.973 189.04
60.9735 199.631
60.9741 210.8
60.9746 222.639
60.9751 235.219
60.9756 248.572
60.9761 262.683
60.9766 277.482
60.9771 292.85
60.9776 308.626
60.9781 324.637
60.9786 340.725
60.9791 356.782
60.9796 372.782
60.9801 388.804
60.9806 405.032
60.9811 421.734
60.9816 439.22
60.9821 457.781
60.9826 477.624
60.9831 498.818
60.9836 521.261
60.9841 544.693
60.9846 568.754
60.9851 593.078
60.9856 617.412
60.9861 641.705
60.9866 666.15
60.9871 691.12
60.9876 717.027
60.9881 744.117
60.9886 772.27
60.9891 800.899
60.9896 829.016
60.9901 855.482
60.9906 879.376
60.9911 900.339
60.9917 918.709
60.9922 935.324
60.9927 951.047
60.9932 966.182
60.9937 980.111
60.9942 991.386
60.9947 998.323
60.9952 999.865
60.9957 996.233
60.9962 988.909
60.9967 979.88
60.9972 970.49
60.9977 960.583
60.9982 948.531
60.9987 932.244
60.9992 910.635
60.9997 884.542
61.0002 856.396
61.0007 828.717
61.0012 802.424
61.0017 776.155
61.0022 747.21
61.0027 713.611
61.0032 675.769
61.0037 636.39
61.0042 598.589
61.0047 563.64
61.0052 530.074
61.0057 494.891
61.0062 456.064
61.0067 414.33
61.0072 372.792
61.0077 334.774
61.0082 301.693
61.0087 272.376
61.0093 244.146
61.0098 214.858
61.0103 184.334
61.0108 154.161
61.0113 126.383
61.0118 102.396
61.0123 82.6399
61.0128 66.8555
61.0133 54.4461
61.0138 44.7459
61.0143 37.1536
61.0148 31.1761
61.0153 26.4295
61.0158 22.6231
61.0163 19.5388
61.0168 17.0136
61.0173 14.9253
61.0178 13.1819
61.0183 11.7134
61.0188 10.4662
61.0193 9.39871
61.0198 8.47868
61.0203 7.68053
61.0208 6.98398
61.0213 6.37273
61.0218 5.83361
61.0223 5.35589
61.0228 4.93072
61.0233 4.5508
61.0238 4.21006
61.0243 3.9034
61.0248 3.6265
